w1,w2,w3,w4,score,n_selected,threshold
0.5,0.9,0.1,0.1,0.1724409,49925,0.03911871324505425
0.4,0.9,0.1,0.1,0.17272589,49925,0.0399022194886401
0.6,0.9,0.1,0.1,0.1728049,49925,0.03839239953847914
0.3,0.9,0.1,0.1,0.17284553,49925,0.040740358546314547
0.8,0.9,0.1,0.1,0.17286938,49925,0.03709867351397007
0.7,0.9,0.1,0.1,0.17300104,49925,0.03772081053692462
0.9,0.9,0.1,0.1,0.17308691,49925,0.036513930861155675
0.2,0.9,0.1,0.1,0.17336294,49925,0.04162479392592154
0.1,0.9,0.1,0.1,0.1733827,49925,0.04255790500265475
0.1,0.8,0.1,0.1,0.1742112,49925,0.04325580014847781
0.5,0.8,0.1,0.1,0.17422286,49925,0.039521081068461986
0.2,0.8,0.1,0.1,0.17441562,49925,0.04225846788473591
0.6,0.8,0.1,0.1,0.17447487,49925,0.03873674800628092
0.3,0.8,0.1,0.1,0.17457087,49925,0.0412815049688012
0.1,0.9,0.2,0.1,0.17466104,49925,0.046182869338252094
0.2,0.9,0.1,0.2,0.17471336,49925,0.04258568346941489
0.4,0.8,0.1,0.1,0.1747177,49925,0.040355855612310906
0.3,0.9,0.1,0.2,0.1748214,49925,0.04172606617001677
0.7,0.8,0.1,0.1,0.17484656,49925,0.03801709813059852
0.1,0.9,0.1,0.2,0.17496273,49925,0.04352631611160103
0.4,0.9,0.1,0.2,0.17497401,49925,0.0409309064398852
0.1,0.8,0.2,0.1,0.17512096,49925,0.04680312183174366
0.2,0.9,0.2,0.1,0.17520532,49925,0.045174252459423546
0.8,0.8,0.1,0.1,0.17521878,49925,0.0373416947711653
0.1,0.7,0.1,0.1,0.17527969,49925,0.04400497262787665
0.5,0.9,0.1,0.2,0.17536926,49925,0.04017158635231072
0.6,0.9,0.1,0.2,0.175378,49925,0.03948652081656029
0.9,0.8,0.1,0.1,0.1754522,49925,0.03671175256864138
0.2,0.7,0.1,0.1,0.17568429,49925,0.04283971652020277
0.3,0.7,0.1,0.1,0.17578632,49925,0.04175884732580344
0.7,0.9,0.1,0.2,0.17578912,49925,0.03884255745951507
0.8,0.9,0.1,0.2,0.17583437,49925,0.038216255880749776
0.3,0.9,0.2,0.1,0.17587774,49925,0.04429294035701553
0.2,0.8,0.2,0.1,0.17605405,49925,0.04568063175974729
0.4,0.7,0.1,0.1,0.17621094,49925,0.04076313747645665
0.1,0.6,0.1,0.1,0.17625535,49925,0.04469835016135987
0.1,0.8,0.1,0.2,0.17628103,49925,0.04415512398550612
0.9,0.9,0.1,0.2,0.17634824,49925,0.037638356049768666
0.2,0.8,0.1,0.2,0.17640416,49925,0.04314118165789641
0.4,0.8,0.1,0.2,0.17641853,49925,0.04132927984593524
0.5,0.7,0.1,0.1,0.17654483,49925,0.03986460369459482
0.3,0.8,0.1,0.2,0.17659779,49925,0.04220438014916147
0.2,0.6,0.1,0.1,0.17665339,49925,0.04338288249598651
0.4,0.9,0.2,0.1,0.17672104,49925,0.043504706914686435
0.3,0.8,0.2,0.1,0.17675672,49925,0.04469139169627753
0.5,0.8,0.1,0.2,0.17682539,49925,0.04050586521426917
0.6,0.7,0.1,0.1,0.17696998,49925,0.03904732769280183
0.1,0.7,0.2,0.1,0.17709795,49925,0.04752037829487742
0.1,0.9,0.1,0.3,0.17713627,49925,0.04412661593389762
0.2,0.9,0.1,0.3,0.17720143,49925,0.04325041451897584
0.6,0.8,0.1,0.2,0.17728695,49925,0.03975282667462367
0.1,0.5,0.1,0.1,0.17732374,49925,0.04541960972634388
0.7,0.7,0.1,0.1,0.17736778,49925,0.03826627930792074
0.4,0.8,0.2,0.1,0.17744938,49925,0.04375958283527386
0.4,0.9,0.1,0.3,0.1774854,49925,0.04167000810115208
0.7,0.8,0.1,0.2,0.17749774,49925,0.039063552061033936
0.2,0.7,0.2,0.1,0.17749977,49925,0.046242512693276276
0.5,0.9,0.2,0.1,0.17750795,49925,0.04272845562010125
0.3,0.9,0.1,0.3,0.1775389,49925,0.04244026548167508
0.6,0.9,0.1,0.3,0.17754626,49925,0.04026432825712524
0.5,0.9,0.1,0.3,0.17754717,49925,0.040943164745422964
0.8,0.7,0.1,0.1,0.17765096,49925,0.03754334697888713
0.3,0.6,0.1,0.1,0.1777165,49925,0.04218669152756293
0.1,0.9,0.3,0.1,0.1777416,49925,0.0485972095659593
0.1,0.9,0.2,0.2,0.17775768,49925,0.04672299794922203
0.2,0.9,0.3,0.1,0.1778091,49925,0.0475497001613196
0.6,0.9,0.2,0.1,0.17788945,49925,0.04204507174379377
0.7,0.9,0.1,0.3,0.1779832,49925,0.03963045805682902
0.9,0.7,0.1,0.1,0.17798713,49925,0.036864221229904015
0.8,0.8,0.1,0.2,0.17803179,49925,0.03841055628619437
0.3,0.7,0.2,0.1,0.17804702,49925,0.04511867922381328
0.5,0.8,0.2,0.1,0.17806827,49925,0.042921154366731495
0.7,0.9,0.2,0.1,0.1781726,49925,0.04140375614950714
0.1,0.7,0.1,0.2,0.17819615,49925,0.044805894474962624
0.2,0.7,0.1,0.2,0.1782141,49925,0.04367994967028636
0.8,0.9,0.1,0.3,0.17822845,49925,0.039039213418217374
0.3,0.9,0.3,0.1,0.1782878,49925,0.04661746898294242
0.9,0.9,0.1,0.3,0.17834267,49925,0.03848417756496451
0.4,0.6,0.1,0.1,0.17836095,49925,0.041105011279682135
0.2,0.9,0.2,0.2,0.17839777,49925,0.04579092853273046
0.3,0.7,0.1,0.2,0.17841668,49925,0.04264877757817201
0.2,0.5,0.1,0.1,0.17848562,49925,0.043890353025892385
0.4,0.7,0.2,0.1,0.178532,49925,0.04408441533571405
0.9,0.8,0.1,0.2,0.17853896,49925,0.03779763639799551
0.5,0.6,0.1,0.1,0.17855206,49925,0.04014675826214971
0.4,0.9,0.3,0.1,0.1785869,49925,0.04572619314119123
0.1,0.8,0.2,0.2,0.17866881,49925,0.04721736369017114
0.1,0.8,0.1,0.3,0.17871752,49925,0.044662560826697534
0.4,0.7,0.1,0.2,0.17883435,49925,0.04167716145325814
0.5,0.9,0.3,0.1,0.17895061,49925,0.04490699412797722
0.6,0.6,0.1,0.1,0.17896657,49925,0.03924434354491414
0.6,0.8,0.2,0.1,0.1789978,49925,0.04215994626244482
0.3,0.5,0.1,0.1,0.17903586,49925,0.042533463894012656
0.2,0.8,0.1,0.3,0.17908114,49925,0.04369589321389388
0.3,0.9,0.2,0.2,0.17911434,49925,0.044950611390675056
0.5,0.7,0.1,0.2,0.17913452,49925,0.04081780794833082
0.2,0.6,0.2,0.1,0.17923738,49925,0.04684174901854691
0.8,0.9,0.2,0.1,0.17927077,49925,0.04079021394542615
0.4,0.8,0.1,0.3,0.17927185,49925,0.04198768132130452
0.5,0.7,0.2,0.1,0.17929047,49925,0.04316485289728585
0.5,0.8,0.1,0.3,0.17935139,49925,0.04120402816739047
0.6,0.9,0.3,0.1,0.17936486,49925,0.04414704578379227
0.1,0.9,0.1,0.4,0.17943344,49925,0.04449632613487897
0.3,0.8,0.1,0.3,0.17944549,49925,0.04280813346938498
0.4,0.9,0.2,0.2,0.1794969,49925,0.044147663379090624
0.6,0.7,0.1,0.2,0.17951179,49925,0.04000537283945534
0.1,0.6,0.1,0.2,0.17953587,49925,0.04539469613795667
0.1,0.6,0.2,0.1,0.17957692,49925,0.04825246110199203
0.7,0.9,0.3,0.1,0.17958498,49925,0.04345475954739807
0.7,0.8,0.2,0.1,0.17958894,49925,0.04147083864422568
0.5,0.9,0.2,0.2,0.17964289,49925,0.04340150875858192
0.6,0.8,0.1,0.3,0.17966484,49925,0.04048510351469727
0.7,0.8,0.1,0.3,0.179678,49925,0.03981061306596082
0.7,0.6,0.1,0.1,0.17972007,49925,0.038447418614967595
0.2,0.8,0.2,0.2,0.17976397,49925,0.04619339879224964
0.1,0.4,0.1,0.1,0.17976397,49925,0.04619339879224964
0.4,0.9,0.1,0.4,0.17978925,49925,0.0421484127965715
0.2,0.9,0.1,0.4,0.17981505,49925,0.04365834842479382
0.7,0.7,0.1,0.2,0.1799283,49925,0.03926687156986683
0.8,0.8,0.1,0.3,0.17993797,49925,0.039177637935766986
0.5,0.9,0.1,0.4,0.17996466,49925,0.04148216797227123
0.3,0.6,0.2,0.1,0.17997167,49925,0.04557002059338904
0.4,0.5,0.1,0.1,0.18001077,49925,0.04136801000814216
0.3,0.8,0.2,0.2,0.18002291,49925,0.0452538507778616
0.4,0.8,0.3,0.1,0.18006629,49925,0.046123174677776616
0.9,0.9,0.2,0.1,0.18007222,49925,0.04023587291668143
0.6,0.9,0.2,0.2,0.18010148,49925,0.04270220574571831
0.6,0.9,0.1,0.4,0.18011685,49925,0.0408290234900814
0.3,0.9,0.1,0.4,0.18021022,49925,0.04288150035656034
0.6,0.7,0.2,0.1,0.18021946,49925,0.04232130379057942
0.7,0.9,0.1,0.4,0.18022083,49925,0.04022877882621418
0.8,0.8,0.2,0.1,0.18022455,49925,0.04084065106935949
0.3,0.8,0.3,0.1,0.18024497,49925,0.04708123614739948
0.2,0.6,0.1,0.2,0.1802479,49925,0.04417064916922708
0.8,0.6,0.1,0.1,0.18039337,49925,0.03769529501949746
0.8,0.7,0.1,0.2,0.18041365,49925,0.03857191393662248
0.7,0.9,0.2,0.2,0.18043336,49925,0.04205705243465234
0.8,0.9,0.1,0.4,0.18043391,49925,0.03966707310688802
0.9,0.8,0.1,0.3,0.18046756,49925,0.0386019616414639
0.5,0.8,0.3,0.1,0.18047123,49925,0.04522145396533442
0.8,0.9,0.3,0.1,0.1804807,49925,0.04280351021472489
0.2,0.8,0.3,0.1,0.18050557,49925,0.04811246592639279
0.2,0.4,0.1,0.1,0.18050817,49925,0.04439997071225868
0.4,0.8,0.2,0.2,0.18050817,49925,0.04439997071225868
0.4,0.6,0.2,0.1,0.18052793,49925,0.04442253406875929
0.1,0.9,0.2,0.3,0.1805321,49925,0.04699527198148212
0.1,0.7,0.2,0.2,0.1805799,49925,0.04776485979135537
0.7,0.7,0.2,0.1,0.18062922,49925,0.04156097154085251
0.1,0.8,0.3,0.1,0.18068397,49925,0.04925462576005253
0.9,0.7,0.1,0.2,0.18071666,49925,0.03793611859243933
0.9,0.9,0.1,0.4,0.18076979,49925,0.03911702715345466
0.5,0.6,0.2,0.1,0.18077254,49925,0.04341976449641942
0.9,0.6,0.1,0.1,0.1808086,49925,0.03698754749138552
0.3,0.6,0.1,0.2,0.18084036,49925,0.043041785933811735
0.9,0.9,0.3,0.1,0.1808912,49925,0.042191375677014274
0.6,0.8,0.3,0.1,0.18089533,49925,0.04438513363049601
0.2,0.9,0.3,0.2,0.18095116,49925,0.04788970302563506
0.8,0.9,0.2,0.2,0.18095198,49925,0.0414362248166937
0.2,0.7,0.2,0.2,0.18097645,49925,0.046643991545769356
0.3,0.9,0.3,0.2,0.18098536,49925,0.046998761842050665
0.6,0.6,0.2,0.1,0.18098739,49925,0.042479550657835
0.5,0.5,0.1,0.1,0.18099047,49925,0.040310448222370725
0.5,0.8,0.2,0.2,0.18100415,49925,0.043593809713260705
0.2,0.7,0.1,0.3,0.18100594,49925,0.04412819247732399
0.4,0.9,0.3,0.2,0.18101592,49925,0.04616550937892195
0.3,0.7,0.2,0.2,0.18107426,49925,0.04560363361973997
0.2,0.9,0.2,0.3,0.18111672,49925,0.04611446282480783
0.3,0.7,0.1,0.3,0.18112648,49925,0.04315609712526156
0.4,0.6,0.1,0.2,0.1811777,49925,0.04200914945150149
0.8,0.8,0.3,0.1,0.181184,49925,0.042954715028457775
0.9,0.8,0.2,0.1,0.18118967,49925,0.04024996944721142
0.7,0.8,0.3,0.1,0.18119425,49925,0.043645454239289165
0.4,0.7,0.1,0.3,0.1812121,49925,0.042271927342816526
0.1,0.7,0.1,0.3,0.18121332,49925,0.04515923390616418
0.5,0.6,0.1,0.2,0.1812775,49925,0.04107792985423946
0.1,0.9,0.3,0.2,0.181283,49925,0.04883805881483308
0.2,0.9,0.1,0.5,0.18128946,49925,0.04388836270938301
0.6,0.7,0.1,0.3,0.18132795,49925,0.04067889526382909
0.4,0.8,0.1,0.4,0.18133055,49925,0.042415211421706046
0.5,0.9,0.3,0.2,0.18138148,49925,0.045381947760688636
0.6,0.8,0.2,0.2,0.18138203,49925,0.04289007545540473
0.3,0.4,0.1,0.1,0.18138203,49925,0.04289007545540473
0.6,0.9,0.3,0.2,0.18146254,49925,0.04465844584987825
0.5,0.7,0.1,0.3,0.1814668,49925,0.0414479401467159
0.1,0.8,0.1,0.4,0.18149218,49925,0.04493091128182554
0.3,0.8,0.1,0.4,0.18149345,49925,0.04318551455699513
0.8,0.7,0.2,0.1,0.18156119,49925,0.04086663574779669
0.9,0.9,0.2,0.2,0.18156822,49925,0.04088586270995386
0.3,0.9,0.2,0.3,0.18157515,49925,0.045307489104286905
0.1,0.9,0.1,0.5,0.18159074,49925,0.04465653823339374
0.2,0.8,0.1,0.4,0.1816122,49925,0.04401128300219715
0.8,0.9,0.3,0.2,0.18162188,49925,0.043336213906443134
0.7,0.9,0.3,0.2,0.18162522,49925,0.043981367663901004
0.5,0.8,0.1,0.4,0.18164003,49925,0.04168746265344554
0.4,0.9,0.2,0.3,0.18164413,49925,0.04454635081687915
0.7,0.7,0.1,0.3,0.18166831,49925,0.039969097607608264
0.7,0.8,0.2,0.2,0.18169507,49925,0.04216717309077185
0.6,0.8,0.1,0.4,0.18172006,49925,0.04100311511509987
0.4,0.7,0.2,0.2,0.18177333,49925,0.04466328598009205
0.6,0.5,0.1,0.1,0.18182322,49925,0.03937921340650745
0.1,0.5,0.1,0.2,0.18187836,49925,0.04600802627580414
0.6,0.9,0.1,0.5,0.18192965,49925,0.041247565492802576
0.5,0.9,0.1,0.5,0.18201387,49925,0.041841654631684454
0.3,0.9,0.1,0.5,0.18202925,49925,0.043160508911311825
0.7,0.8,0.1,0.4,0.18204445,49925,0.0403623439939086
0.4,0.9,0.1,0.5,0.18211055,49925,0.042485205372167746
0.2,0.8,0.2,0.3,0.18214884,49925,0.046429474561209653
0.5,0.7,0.2,0.2,0.18219844,49925,0.0438078654604322
0.5,0.9,0.2,0.3,0.18220255,49925,0.04384722664677533
0.8,0.8,0.1,0.4,0.18220872,49925,0.039759152603408246
0.8,0.8,0.2,0.2,0.18223387,49925,0.04151939285582695
0.4,0.4,0.1,0.1,0.18223387,49925,0.04151939285582695
0.7,0.9,0.1,0.5,0.18223637,49925,0.04066226313180714
0.9,0.8,0.3,0.1,0.1822621,49925,0.04228909626984489
0.6,0.6,0.1,0.2,0.18230069,49925,0.0402000129788223
0.9,0.7,0.2,0.1,0.18232377,49925,0.04024380625443109
0.7,0.6,0.2,0.1,0.18232962,49925,0.041643968775730025
0.1,0.8,0.2,0.3,0.18233544,49925,0.047378274679762473
0.9,0.9,0.3,0.2,0.1823444,49925,0.04273887899726495
0.2,0.5,0.1,0.2,0.18237147,49925,0.044607287998284145
0.8,0.7,0.1,0.3,0.18237542,49925,0.03932080543166213
0.7,0.5,0.1,0.1,0.18240136,49925,0.03851675855885648
0.6,0.9,0.2,0.3,0.18252629,49925,0.0432009502009659
0.8,0.9,0.1,0.5,0.18254602,49925,0.04011319166365399
0.4,0.8,0.2,0.3,0.18261406,49925,0.04477565972763919
0.7,0.6,0.1,0.2,0.18262394,49925,0.03941367246989419
0.3,0.8,0.2,0.3,0.18262643,49925,0.045571530525073685
0.6,0.7,0.2,0.2,0.18263313,49925,0.04301111211390586
0.9,0.9,0.1,0.5,0.18263727,49925,0.03959334865256295
0.9,0.9,0.4,0.1,0.18274459,49925,0.04396848777073756
0.9,0.8,0.2,0.2,0.18275481,49925,0.04092506398826032
0.9,0.8,0.1,0.4,0.18276997,49925,0.039211310987296855
0.8,0.9,0.4,0.1,0.18279205,49925,0.04462077587596792
0.8,0.6,0.1,0.2,0.1828587,49925,0.0386856756099603
0.3,0.5,0.1,0.2,0.18293278,49925,0.04337086998427939
0.6,0.9,0.4,0.1,0.18296441,49925,0.04605759028956783
0.6,0.7,0.3,0.1,0.18298475,49925,0.044685371591618644
0.9,0.7,0.1,0.3,0.18299562,49925,0.03870127322542724
0.7,0.9,0.4,0.1,0.18301708,49925,0.04530879432319194
0.7,0.9,0.2,0.3,0.18302165,49925,0.04257441023536157
0.7,0.7,0.2,0.2,0.18304473,49925,0.042275880289637136
0.5,0.7,0.3,0.1,0.18304685,49925,0.04557807789543324
0.2,0.6,0.1,0.3,0.18308526,49925,0.04451764195638131
0.3,0.5,0.2,0.1,0.18311039,49925,0.046055558209786275
0.1,0.6,0.1,0.3,0.18315163,49925,0.045654239688878356
0.7,0.7,0.3,0.1,0.18317775,49925,0.043864561828300695
0.8,0.5,0.1,0.1,0.18318242,49925,0.0377355258237334
0.8,0.9,0.2,0.3,0.18318883,49925,0.041998490209932994
0.1,0.9,0.2,0.4,0.18319157,49925,0.0470930713878174
0.4,0.8,0.3,0.2,0.18324935,49925,0.046463639312303504
0.9,0.6,0.1,0.2,0.18325344,49925,0.03800266109015645
0.3,0.7,0.1,0.4,0.18327755,49925,0.043444159756936516
0.4,0.8,0.1,0.5,0.18328217,49925,0.04267598149927254
0.6,0.8,0.3,0.2,0.18329726,49925,0.044877568281866204
0.3,0.9,0.3,0.3,0.1832979,49925,0.04710552838390458
0.1,0.3,0.1,0.1,0.1832979,49925,0.04710552838390459
0.2,0.6,0.2,0.2,0.1832979,49925,0.04710552838390459
0.3,0.8,0.3,0.2,0.18330473,49925,0.04735967803672929
0.4,0.5,0.2,0.1,0.18330705,49925,0.04480050842618704
0.5,0.4,0.1,0.1,0.18330815,49925,0.04037515232866987
0.2,0.9,0.2,0.4,0.18331262,49925,0.04626724282631764
0.2,0.9,0.3,0.3,0.18333906,49925,0.047914277358247256
0.2,0.8,0.3,0.2,0.18334854,49925,0.048316020907665354
0.9,0.9,0.2,0.3,0.18338189,49925,0.04145114810631435
0.4,0.7,0.3,0.1,0.18338318,49925,0.04653245346139436
0.5,0.8,0.3,0.2,0.18338937,49925,0.04565144719921208
0.5,0.9,0.4,0.1,0.18341509,49925,0.04681562456422394
0.3,0.6,0.1,0.3,0.18342412,49925,0.04347022454536725
0.3,0.9,0.2,0.4,0.18343896,49925,0.0455174622153304
0.2,0.7,0.1,0.4,0.18344358,49925,0.044333932162693684
0.4,0.9,0.3,0.3,0.18344678,49925,0.0463383533747655
0.3,0.8,0.1,0.5,0.18345681,49925,0.04339458110272045
0.5,0.8,0.2,0.3,0.18347444,49925,0.04401581614316849
0.8,0.6,0.2,0.1,0.1834943,49925,0.04087997784143888
0.2,0.5,0.2,0.1,0.18350348,49925,0.047475073383614265
0.4,0.9,0.2,0.4,0.18352176,49925,0.04479625705974569
0.3,0.6,0.2,0.2,0.18353063,49925,0.04597332622211873
0.2,0.8,0.1,0.5,0.18354337,49925,0.044149363316553454
0.4,0.9,0.4,0.1,0.18354605,49925,0.047621015029002095
0.8,0.7,0.2,0.2,0.18362187,49925,0.04157487350142738
0.5,0.9,0.3,0.3,0.18362918,49925,0.045608706742416766
0.4,0.7,0.1,0.4,0.18363461,49925,0.04263145294327458
0.3,0.7,0.3,0.1,0.18363884,49925,0.04757807626974752
0.1,0.6,0.2,0.2,0.18364327,49925,0.0483571971841244
0.1,0.7,0.1,0.4,0.18365295,49925,0.04528086702475894
0.4,0.6,0.1,0.3,0.18368351,49925,0.042513489496697525
0.1,0.9,0.1,0.6,0.18369974,49925,0.044666501397363084
0.5,0.8,0.1,0.5,0.18369974,49925,0.0419952149400463
0.6,0.8,0.2,0.3,0.18370646,49925,0.0433089780117063
0.7,0.8,0.3,0.2,0.18375018,49925,0.044166346424058554
0.4,0.5,0.1,0.2,0.18375824,49925,0.04225244668186992
0.1,0.9,0.3,0.3,0.18376958,49925,0.04880779333555691
0.1,0.5,0.2,0.1,0.18376997,49925,0.04905386550776776
0.1,0.8,0.1,0.5,0.18377645,49925,0.04496654207306073
0.1,0.7,0.2,0.3,0.18380597,49925,0.04774373398832105
0.2,0.7,0.2,0.3,0.18380627,49925,0.04673784342638232
0.5,0.9,0.1,0.6,0.18383315,49925,0.04207762933082976
0.1,0.8,0.3,0.2,0.18385871,49925,0.04934361420820325
0.7,0.9,0.3,0.3,0.18387996,49925,0.04430918491136786
0.5,0.9,0.2,0.4,0.1838984,49925,0.044123983237823156
0.5,0.7,0.1,0.4,0.18389963,49925,0.0418630077528673
0.5,0.6,0.1,0.3,0.18390349,49925,0.041632372570411184
0.5,0.5,0.2,0.1,0.18391316,49925,0.04366568449691862
0.2,0.9,0.1,0.6,0.18394339,49925,0.04397811118681859
0.6,0.9,0.1,0.6,0.18394761,49925,0.04149900291694272
0.2,0.3,0.1,0.1,0.18395609,49925,0.0449402246041614
0.4,0.6,0.2,0.2,0.18395609,49925,0.0449402246041614
0.6,0.9,0.3,0.3,0.18395609,49925,0.0449402246041614
0.8,0.7,0.3,0.1,0.18397292,49925,0.04309787737276394
0.4,0.9,0.1,0.6,0.18398695,49925,0.04267720686979937
0.3,0.9,0.4,0.1,0.18399876,49925,0.04850383573457867
0.7,0.9,0.1,0.6,0.18400076,49925,0.040950070532546276
0.3,0.9,0.1,0.6,0.18403287,49925,0.04330853684785212
0.6,0.8,0.1,0.5,0.18405686,49925,0.041350060724208736
0.7,0.8,0.2,0.3,0.18406324,49925,0.04266020550409407
0.2,0.7,0.3,0.1,0.18407927,49925,0.04871377681866919
0.6,0.7,0.1,0.4,0.1840891,49925,0.0411530674654378
0.8,0.9,0.1,0.6,0.18411356,49925,0.040439775236464116
0.9,0.6,0.2,0.1,0.18411838,49925,0.04018577927546323
0.9,0.5,0.1,0.1,0.18414019,49925,0.037023832710968985
0.5,0.5,0.1,0.2,0.18425435,49925,0.041253250185394344
0.9,0.7,0.3,0.1,0.18426268,49925,0.042399560800649966
0.3,0.7,0.2,0.3,0.18428898,49925,0.04580094012146664
0.8,0.8,0.3,0.2,0.18431114,49925,0.04348551449311848
0.5,0.6,0.2,0.2,0.18432811,49925,0.04399422272879163
0.7,0.8,0.1,0.5,0.18435182,49925,0.04075487959886295
0.6,0.4,0.1,0.1,0.18436396,49925,0.03934606461807142
0.9,0.9,0.1,0.6,0.18441185,49925,0.03993796484953754
0.8,0.8,0.1,0.5,0.18444234,49925,0.040189895583420905
0.6,0.5,0.2,0.1,0.18444633,49925,0.04263934558245805
0.9,0.8,0.3,0.2,0.1844723,49925,0.0428373482427603
0.9,0.7,0.2,0.2,0.18447646,49925,0.04095278719278951
0.8,0.9,0.3,0.3,0.18448932,49925,0.04370193935815947
0.6,0.6,0.1,0.3,0.18453416,49925,0.04082027007847488
0.6,0.9,0.2,0.4,0.18454668,49925,0.04350590938544397
0.2,0.9,0.4,0.1,0.18456244,49925,0.0494229362168319
0.7,0.7,0.1,0.4,0.1846215,49925,0.04047991911030205
0.1,0.7,0.3,0.1,0.18464431,49925,0.04994252876237791
0.4,0.7,0.2,0.3,0.18466598,49925,0.044939403398671446
0.8,0.8,0.2,0.3,0.18471323,49925,0.04205086797896223
0.1,0.9,0.4,0.1,0.18472159,49925,0.0504188052345683
0.3,0.8,0.2,0.4,0.18480311,49925,0.045692334396692943
0.2,0.8,0.2,0.4,0.18483785,49925,0.04650073372618989
0.1,0.4,0.1,0.2,0.18483785,49925,0.04650073372618989
0.3,0.3,0.1,0.1,0.18486334,49925,0.04312912047424564
0.9,0.9,0.3,0.3,0.18486334,49925,0.043129120474245636
0.6,0.6,0.2,0.2,0.18486334,49925,0.04312912047424564
0.7,0.6,0.1,0.3,0.18493201,49925,0.04006650103751421
0.7,0.9,0.2,0.4,0.18496884,49925,0.04289646362342383
0.9,0.8,0.1,0.5,0.18502218,49925,0.03966753585049523
0.6,0.5,0.1,0.2,0.18504411,49925,0.04034481426804284
0.8,0.9,0.2,0.4,0.18505605,49925,0.04232824990420044
0.1,0.8,0.2,0.4,0.18507412,49925,0.047350194487344927
0.7,0.4,0.1,0.1,0.18507773,49925,0.038461901398152636
0.1,0.9,0.2,0.5,0.18511516,49925,0.04703021102001455
0.1,0.8,0.1,0.6,0.18512383,49925,0.04490102367443645
0.9,0.8,0.2,0.3,0.18518233,49925,0.041484553853850116
0.7,0.6,0.2,0.2,0.18519157,49925,0.04234811334149478
0.7,0.5,0.2,0.1,0.18523206,49925,0.04174064119323001
0.5,0.7,0.2,0.3,0.18524024,49925,0.04415563402402668
0.8,0.6,0.1,0.3,0.1852618,49925,0.039388292869267406
0.1,0.9,0.3,0.4,0.1852668,49925,0.04861842326941841
0.3,0.9,0.1,0.7,0.18531294,49925,0.04334032436038078
0.8,0.7,0.1,0.4,0.18533984,49925,0.03987309218269081
0.1,0.5,0.1,0.3,0.18535845,49925,0.04606331713183381
0.4,0.8,0.2,0.4,0.18539691,49925,0.044953885852122115
0.2,0.4,0.1,0.2,0.18539691,49925,0.044953885852122115
0.2,0.8,0.1,0.6,0.18540499,49925,0.0441669969198115
0.9,0.9,0.2,0.4,0.18542573,49925,0.04180242066677998
0.1,0.9,0.1,0.7,0.18542898,49925,0.044593845750631356
0.2,0.9,0.3,0.4,0.18543193,49925,0.04781675324971116
0.3,0.9,0.2,0.5,0.18543468,49925,0.04557707960757369
0.3,0.7,0.1,0.5,0.18545139,49925,0.043574614645357
0.4,0.9,0.1,0.7,0.18546668,49925,0.042747255193304384
0.4,0.7,0.1,0.5,0.18547821,49925,0.0428141075768258
0.7,0.5,0.1,0.2,0.18548012,49925,0.03950326746751866
0.7,0.9,0.4,0.2,0.18548998,49925,0.04559592826538095
0.2,0.9,0.1,0.7,0.18550062,49925,0.043958875806816955
0.2,0.9,0.2,0.5,0.18551448,49925,0.04628762819923708
0.3,0.6,0.1,0.4,0.18551584,49925,0.04364683388402011
0.7,0.9,0.1,0.7,0.18555686,49925,0.041168180780938
0.1,0.7,0.1,0.5,0.18555774,49925,0.04523539044092844
0.6,0.9,0.1,0.7,0.18557063,49925,0.041670556811351775
0.2,0.6,0.1,0.4,0.1855757,49925,0.04457944278594505
0.4,0.9,0.3,0.4,0.18558863,49925,0.04636136362427532
0.3,0.8,0.1,0.6,0.18559843,49925,0.04346475498158756
0.5,0.8,0.1,0.6,0.18560492,49925,0.042184660664230524
0.6,0.9,0.4,0.2,0.18561697,49925,0.046290138880027525
0.9,0.7,0.1,0.4,0.18562637,49925,0.03927277645329203
0.9,0.6,0.1,0.3,0.1856298,49925,0.03874567858250272
0.3,0.9,0.3,0.4,0.18564548,49925,0.04708094702216447
0.2,0.5,0.1,0.3,0.18566386,49925,0.04483530110345683
0.8,0.9,0.4,0.2,0.18566641,49925,0.044952512580478124
0.5,0.8,0.2,0.4,0.18568683,49925,0.04423982408851956
0.8,0.9,0.1,0.7,0.1857066,49925,0.040682549941388396
0.4,0.8,0.3,0.3,0.18573906,49925,0.04658138605233905
0.5,0.9,0.3,0.4,0.1857647,49925,0.045667705073992294
0.4,0.9,0.2,0.5,0.1857669,49925,0.04491930300728671
0.4,0.8,0.1,0.6,0.18578584,49925,0.042808341563337717
0.7,0.7,0.2,0.3,0.18579234,49925,0.04272053529197579
0.6,0.7,0.2,0.3,0.18579476,49925,0.04341943973238643
0.6,0.8,0.3,0.3,0.18580322,49925,0.04507833966245518
0.2,0.7,0.1,0.5,0.18580768,49925,0.04438429150905733
0.5,0.9,0.1,0.7,0.18583271,49925,0.0421924916813132
0.9,0.9,0.1,0.7,0.18583426,49925,0.04020050619739105
0.8,0.5,0.2,0.1,0.1858501,49925,0.04091272127840249
0.9,0.9,0.4,0.2,0.18585362,49925,0.044354088480431555
0.6,0.8,0.1,0.6,0.18587689,49925,0.04158832963200436
0.8,0.6,0.2,0.2,0.18587902,49925,0.0416197772352483
0.4,0.3,0.1,0.1,0.18587902,49925,0.0416197772352483
0.7,0.8,0.1,0.6,0.18591475,49925,0.04102461672299489
0.3,0.8,0.3,0.3,0.18591566,49925,0.04741526901775262
0.6,0.8,0.2,0.4,0.18591943,49925,0.04359561905151864
0.3,0.4,0.1,0.2,0.18591943,49925,0.04359561905151864
0.5,0.7,0.1,0.5,0.18592744,49925,0.04210795590721176
0.6,0.9,0.3,0.4,0.18593664,49925,0.045049447052065233
0.5,0.9,0.4,0.2,0.18595015,49925,0.04701661602544698
0.5,0.8,0.3,0.3,0.18595046,49925,0.045795537702024235
0.3,0.5,0.1,0.3,0.18599275,49925,0.04371234621225598
0.1,0.6,0.1,0.4,0.18603703,49925,0.045625472517362334
0.5,0.9,0.2,0.5,0.18604648,49925,0.04427770814334376
0.8,0.5,0.1,0.2,0.18604746,49925,0.03873803998287872
0.7,0.8,0.3,0.3,0.18605927,49925,0.04441911983854199
0.6,0.7,0.1,0.5,0.18608582,49925,0.04145175445069973
0.2,0.8,0.3,0.3,0.18611068,49925,0.04827626402369258
0.4,0.6,0.1,0.4,0.18611579,49925,0.04279273485478017
0.8,0.8,0.3,0.3,0.1861168,49925,0.04379471622792146
0.8,0.8,0.4,0.1,0.18614036,49925,0.04483116529839293
0.1,0.8,0.3,0.3,0.18614748,49925,0.04919249339360743
0.8,0.8,0.1,0.6,0.18616445,49925,0.0404865375968055
0.9,0.8,0.4,0.1,0.18619369,49925,0.04415164994855661
0.7,0.8,0.4,0.1,0.18620294,49925,0.04554535174248612
0.5,0.7,0.3,0.2,0.18621573,49925,0.04586774484385537
0.7,0.9,0.3,0.4,0.18621854,49925,0.04446268893379176
0.6,0.8,0.4,0.1,0.18625562,49925,0.046314390061635666
0.1,0.6,0.2,0.3,0.18625848,49925,0.04810617608241661
0.2,0.6,0.2,0.3,0.1862854,49925,0.0470202800470709
0.6,0.9,0.2,0.5,0.18629348,49925,0.0436806219286316
0.6,0.7,0.3,0.2,0.18634683,49925,0.0450597763804452
0.9,0.8,0.1,0.6,0.18636638,49925,0.0399715599117607
0.8,0.7,0.2,0.3,0.18639469,49925,0.042070308477343964
0.7,0.9,0.2,0.5,0.18639956,49925,0.043124888346534274
0.7,0.7,0.3,0.2,0.18643907,49925,0.044324392335744936
0.7,0.7,0.1,0.5,0.1864538,49925,0.0408266054356215
0.9,0.6,0.2,0.2,0.18646525,49925,0.04093161446832771
0.8,0.4,0.1,0.1,0.18647306,49925,0.03765620688407173
0.4,0.7,0.3,0.2,0.18647717,49925,0.0467472929693804
0.4,0.9,0.4,0.2,0.18648851,49925,0.04777821252935549
0.8,0.9,0.3,0.4,0.1864886,49925,0.04392453174145526
0.5,0.6,0.1,0.4,0.18649888,49925,0.041997611159706835
0.5,0.8,0.4,0.1,0.1865202,49925,0.047134976285550766
0.9,0.5,0.1,0.2,0.18656093,49925,0.038010748630969
0.8,0.7,0.3,0.2,0.18656883,49925,0.04360962306856524
0.9,0.8,0.3,0.3,0.18657424,49925,0.04320416741872933
0.9,0.9,0.3,0.4,0.18663596,49925,0.0433870921374111
0.7,0.8,0.2,0.4,0.18672684,49925,0.042964336189964945
0.3,0.6,0.2,0.3,0.18673766,49925,0.046009578472291444
0.4,0.5,0.1,0.3,0.1867511,49925,0.042700519622269235
0.3,0.9,0.4,0.2,0.18677701,49925,0.048571049745529705
0.4,0.5,0.2,0.2,0.18678199,49925,0.045149064457538114
0.3,0.7,0.3,0.2,0.18680508,49925,0.0477036331097189
0.9,0.7,0.3,0.2,0.18680796,49925,0.04293905787085569
0.4,0.6,0.2,0.3,0.18685853,49925,0.04508328185278589
0.6,0.6,0.1,0.4,0.1868596,49925,0.04122820659684087
0.2,0.9,0.1,0.8,0.18685964,49925,0.04387187496262343
0.9,0.5,0.2,0.1,0.18687485,49925,0.04015672615712206
0.8,0.7,0.1,0.5,0.18688415,49925,0.04022526298577029
0.8,0.9,0.2,0.5,0.18689801,49925,0.042574689076096815
0.9,0.7,0.2,0.3,0.18692166,49925,0.04147355577774004
0.7,0.9,0.1,0.8,0.18693705,49925,0.041262603670131126
0.2,0.9,0.4,0.2,0.18694115,49925,0.04944389281957387
0.4,0.4,0.1,0.2,0.18696961,49925,0.042383078990935
0.8,0.8,0.2,0.4,0.18696961,49925,0.042383078990935
0.7,0.6,0.3,0.1,0.18696998,49925,0.044069132886176546
0.2,0.7,0.1,0.6,0.18703756,49925,0.044272000351444143
0.4,0.8,0.4,0.1,0.18704881,49925,0.04799074167443514
0.2,0.7,0.3,0.2,0.18705401,49925,0.04872200606287278
0.9,0.4,0.1,0.1,0.1870573,49925,0.036907459029135364
0.8,0.9,0.1,0.8,0.18706194,49925,0.04082124582660413
0.2,0.9,0.2,0.6,0.18706998,49925,0.04620824538381384
0.6,0.9,0.1,0.8,0.18707645,49925,0.0417312548261636
0.3,0.5,0.2,0.2,0.18708499,49925,0.046278935374499036
0.1,0.9,0.1,0.8,0.18711135,49925,0.04445743944381115
0.4,0.9,0.1,0.8,0.1871144,49925,0.042748302967384626
0.3,0.8,0.1,0.7,0.18712524,49925,0.04342319457242339
0.1,0.9,0.2,0.6,0.18713948,49925,0.04688892269633517
0.5,0.9,0.1,0.8,0.18713963,49925,0.04222407154704577
0.3,0.9,0.1,0.8,0.18715149,49925,0.0432987178160938
0.4,0.9,0.2,0.6,0.18715456,49925,0.04493523773258431
0.3,0.8,0.2,0.5,0.18716462,49925,0.04570562599583766
0.2,0.8,0.1,0.7,0.18716982,49925,0.04406197785897105
0.1,0.7,0.1,0.6,0.18717271,49925,0.045035721973907226
0.2,0.7,0.2,0.4,0.1871732,49925,0.046691016364897815
0.1,0.7,0.2,0.4,0.18717992,49925,0.04761780241371619
0.5,0.5,0.1,0.3,0.18720296,49925,0.0417356628110602
0.9,0.7,0.1,0.5,0.18720372,49925,0.03968126898568995
0.6,0.6,0.3,0.1,0.18721113,49925,0.04494863656796392
0.4,0.7,0.2,0.4,0.18724489,49925,0.04505091560377079
0.8,0.6,0.3,0.1,0.18725291,49925,0.04325577489980708
0.1,0.8,0.1,0.7,0.18726748,49925,0.044734874661098545
0.3,0.9,0.2,0.6,0.18727916,49925,0.04555264281612726
0.9,0.9,0.2,0.5,0.18728288,49925,0.04205369075753142
0.5,0.4,0.1,0.2,0.18728802,49925,0.0413088936444931
0.4,0.8,0.1,0.7,0.18729514,49925,0.0428222133368438
0.3,0.7,0.2,0.4,0.18729573,49925,0.045846978988166705
0.5,0.6,0.2,0.3,0.1872974,49925,0.04425262913969136
0.9,0.8,0.2,0.4,0.18730816,49925,0.04183006850287818
0.7,0.6,0.1,0.4,0.18731382,49925,0.040525066447112526
0.5,0.5,0.2,0.2,0.18731637,49925,0.044135062515843315
0.4,0.8,0.2,0.5,0.18731935,49925,0.044989155356655076
0.5,0.3,0.1,0.1,0.18732974,49925,0.04030643072260923
0.5,0.6,0.3,0.1,0.18735094,49925,0.04589474257360529
0.1,0.9,0.4,0.2,0.18736562,49925,0.05033394785760055
0.9,0.6,0.3,0.1,0.18737444,49925,0.04250300273697329
0.1,0.8,0.2,0.5,0.18738027,49925,0.04721857171002858
0.2,0.5,0.2,0.2,0.1873894,49925,0.047510555724615725
0.6,0.8,0.1,0.7,0.18739597,49925,0.04169342236882532
0.2,0.8,0.2,0.5,0.18742311,49925,0.04644182845754198
0.2,0.9,0.3,0.5,0.18743247,49925,0.047638176434507185
0.9,0.9,0.1,0.8,0.18744251,49925,0.04038436432427722
0.5,0.9,0.2,0.6,0.18746908,49925,0.04433154055412885
0.3,0.7,0.1,0.6,0.18748423,49925,0.04355507621830894
0.8,0.6,0.1,0.4,0.18748727,49925,0.03988592593615365
0.3,0.9,0.3,0.5,0.18749571,49925,0.046963212476343844
0.4,0.6,0.3,0.1,0.18751533,49925,0.04692991739738492
0.1,0.9,0.3,0.5,0.18755312,49925,0.048372216486508864
0.1,0.7,0.3,0.2,0.18756014,49925,0.049798627670700576
0.6,0.6,0.2,0.3,0.18758853,49925,0.04346565897556119
0.5,0.8,0.1,0.7,0.18759204,49925,0.04224216099958999
0.5,0.7,0.2,0.4,0.18759987,49925,0.0443057403664895
0.5,0.8,0.2,0.5,0.18760075,49925,0.04433214305567969
0.4,0.9,0.3,0.5,0.18760377,49925,0.046302162880369924
0.3,0.8,0.3,0.4,0.18762301,49925,0.0472663721561086
0.6,0.8,0.2,0.5,0.18762703,49925,0.04371563019879015
0.2,0.8,0.3,0.4,0.187639,49925,0.04804264275173776
0.6,0.5,0.1,0.3,0.18767144,49925,0.04089041711115225
0.6,0.9,0.3,0.5,0.18770932,49925,0.04511678269817409
0.9,0.9,0.4,0.3,0.18771403,49925,0.04457723060363728
0.6,0.7,0.2,0.4,0.18772128,49925,0.043617786471432114
0.7,0.9,0.4,0.3,0.18773524,49925,0.04575823708416555
0.6,0.5,0.2,0.2,0.18773931,49925,0.04323146249640767
0.6,0.9,0.4,0.3,0.1877589,49925,0.04638238248234907
0.4,0.7,0.1,0.6,0.18777893,49925,0.042863722007528714
0.9,0.6,0.1,0.4,0.18778974,49925,0.03927858841309949
0.1,0.5,0.2,0.2,0.18779002,49925,0.048842287942790684
0.1,0.6,0.1,0.5,0.18780054,49925,0.04537158332860719
0.8,0.9,0.4,0.3,0.18780547,49925,0.045156121200373725
0.7,0.8,0.1,0.7,0.18780857,49925,0.04117927143321733
0.5,0.9,0.3,0.5,0.18781246,49925,0.045685442979774615
0.6,0.4,0.1,0.2,0.18781988,49925,0.04032626715398822
0.3,0.8,0.4,0.1,0.18782638,49925,0.04891730022199984
0.2,0.6,0.1,0.5,0.18783087,49925,0.04449724145173342
0.4,0.8,0.3,0.4,0.18783517,49925,0.046507490242415614
0.7,0.5,0.1,0.3,0.18785943,49925,0.040110889258368684
0.7,0.8,0.3,0.4,0.1878854,49925,0.0445275345374638
0.1,0.8,0.3,0.4,0.18791044,49925,0.048896782410676964
0.6,0.8,0.3,0.4,0.1879219,49925,0.04514915218047067
0.8,0.8,0.1,0.7,0.18795718,49925,0.04067802303340182
0.6,0.9,0.2,0.6,0.18797942,49925,0.043764977317524156
0.7,0.6,0.2,0.3,0.1879835,49925,0.042733854029450145
0.5,0.8,0.3,0.4,0.18802294,49925,0.04580119036133335
0.7,0.9,0.2,0.6,0.18803428,49925,0.043221077358204046
0.7,0.7,0.2,0.4,0.1880413,49925,0.04298801880058529
0.7,0.9,0.3,0.5,0.1880528,49925,0.04455192691552368
0.6,0.7,0.1,0.6,0.18805717,49925,0.041614609916419965
0.5,0.9,0.4,0.3,0.18812975,49925,0.047061081659688093
0.5,0.7,0.1,0.6,0.18814437,49925,0.0422242702318662
0.3,0.6,0.1,0.5,0.18817109,49925,0.04368618587600991
0.7,0.8,0.2,0.5,0.18821315,49925,0.04314805674025894
0.2,0.8,0.4,0.1,0.18821488,49925,0.049890823296977
0.4,0.9,0.4,0.3,0.18821965,49925,0.04776892065594334
0.8,0.9,0.3,0.5,0.18823755,49925,0.04402518331733391
0.8,0.8,0.3,0.4,0.18824352,49925,0.043935497225204664
0.7,0.5,0.2,0.2,0.18831313,49925,0.042379781514543156
0.9,0.8,0.1,0.7,0.18841259,49925,0.040207282425118805
0.8,0.8,0.2,0.5,0.18841326,49925,0.04259459796472064
0.6,0.7,0.3,0.3,0.18842025,49925,0.04522155981811504
0.3,0.6,0.3,0.1,0.18843263,49925,0.04803910403031656
0.8,0.9,0.2,0.6,0.18843733,49925,0.04271082457385493
0.8,0.5,0.1,0.3,0.18844503,49925,0.03939807741680775
0.9,0.7,0.2,0.4,0.1884651,49925,0.04180104529732281
0.8,0.7,0.2,0.4,0.1884681,49925,0.0423842714394811
0.4,0.6,0.1,0.5,0.18849118,49925,0.04287657400109144
0.9,0.9,0.3,0.5,0.18852302,49925,0.04352212024827888
0.4,0.9,0.1,0.9,0.18853264,49925,0.04271516273648375
0.8,0.6,0.2,0.3,0.18853769,49925,0.04204922789512148
0.3,0.9,0.4,0.3,0.18855879,49925,0.048513722867744226
0.9,0.8,0.2,0.5,0.18855953,49925,0.04206033619318395
0.5,0.7,0.3,0.3,0.18856768,49925,0.04596747161705494
0.9,0.9,0.2,0.6,0.18857192,49925,0.042220738019065514
0.3,0.7,0.3,0.3,0.18857327,49925,0.04759952078799042
0.2,0.5,0.1,0.4,0.18861,49925,0.04474569703295952
0.5,0.9,0.1,0.9,0.1886191,49925,0.04221916508906213
0.1,0.8,0.4,0.1,0.18862619,49925,0.050912253313649986
0.4,0.7,0.3,0.3,0.18862855,49925,0.0467681396485769
0.9,0.8,0.3,0.4,0.18863091,49925,0.04339784643370643
0.3,0.9,0.1,0.9,0.18863761,49925,0.04322290488085628
0.5,0.6,0.1,0.5,0.18864769,49925,0.04213535685300654
0.5,0.4,0.2,0.1,0.18865004,49925,0.04387854802888663
0.7,0.7,0.3,0.3,0.18865246,49925,0.044497041654922014
0.9,0.8,0.4,0.2,0.18868993,49925,0.04448350758038267
0.6,0.9,0.1,0.9,0.18869418,49925,0.04174998139177705
0.7,0.9,0.1,0.9,0.18872589,49925,0.04131571941926328
0.9,0.9,0.5,0.1,0.18874651,49925,0.045496931025578655
0.7,0.8,0.4,0.2,0.18876557,49925,0.0457982019100004
0.1,0.5,0.1,0.4,0.18879196,49925,0.04583012551196125
0.8,0.7,0.3,0.3,0.18879265,49925,0.043830858280677405
0.7,0.6,0.1,0.5,0.18879308,49925,0.040825002340014606
0.7,0.7,0.1,0.6,0.18879923,49925,0.04103650273603023
0.9,0.9,0.1,0.9,0.18880638,49925,0.04049022585086686
0.6,0.4,0.2,0.1,0.18884292,49925,0.04277366381385257
0.8,0.8,0.4,0.2,0.18885855,49925,0.04512153611357559
0.4,0.4,0.2,0.1,0.18885855,49925,0.04512153611357559
0.6,0.3,0.1,0.1,0.188865,49925,0.03919291817498874
0.3,0.8,0.1,0.8,0.18887277,49925,0.04332901565463227
0.2,0.9,0.4,0.3,0.18889232,49925,0.049286964662889676
0.8,0.9,0.1,0.9,0.188939,49925,0.040892619075432096
0.2,0.6,0.3,0.1,0.18894571,49925,0.04922704990193606
0.2,0.9,0.1,0.9,0.18894629,49925,0.04374166503944665
0.2,0.9,0.2,0.7,0.18896663,49925,0.046052361465724785
0.8,0.7,0.1,0.6,0.18897152,49925,0.04049685034456583
0.6,0.6,0.1,0.5,0.1889741,49925,0.04145082994372704
0.7,0.4,0.2,0.1,0.18898359,49925,0.041796315275180816
0.1,0.9,0.2,0.7,0.1889934,49925,0.046691974124268114
0.9,0.7,0.1,0.6,0.1889947,49925,0.03996765025378696
0.7,0.4,0.1,0.2,0.18901938,49925,0.03945826412589686
0.8,0.9,0.5,0.1,0.18902119,49925,0.04613579001349095
0.3,0.5,0.1,0.4,0.18905112,49925,0.043758794379443085
0.3,0.9,0.2,0.7,0.18905987,49925,0.045454490004510406
0.1,0.9,0.1,0.9,0.18915984,49925,0.04428067925850478
0.5,0.9,0.2,0.7,0.18916123,49925,0.0443170593571366
0.1,0.9,0.4,0.3,0.18916759,49925,0.05010538093237706
0.5,0.8,0.2,0.6,0.18916827,49925,0.04435592801669258
0.9,0.5,0.1,0.3,0.18923913,49925,0.03873048046853766
0.6,0.8,0.1,0.8,0.18925059,49925,0.041721008821630885
0.4,0.9,0.2,0.7,0.18925762,49925,0.04487544098924537
0.5,0.8,0.1,0.8,0.18926567,49925,0.042229453780199815
0.6,0.8,0.4,0.2,0.18926777,49925,0.04650535970171356
0.3,0.4,0.2,0.1,0.18926777,49925,0.04650535970171356
0.2,0.4,0.1,0.3,0.18926916,49925,0.04496447765353568
0.4,0.8,0.2,0.6,0.18926916,49925,0.04496447765353568
0.9,0.6,0.2,0.3,0.18927246,49925,0.041414722167898495
0.7,0.9,0.5,0.1,0.18929946,49925,0.046796268769642456
0.9,0.7,0.3,0.3,0.18930899,49925,0.04322011413595604
0.4,0.8,0.1,0.8,0.18931587,49925,0.04274279518723201
0.2,0.8,0.1,0.8,0.18931791,49925,0.043912050245871755
0.5,0.8,0.4,0.2,0.18931872,49925,0.04724546194312251
0.1,0.4,0.1,0.3,0.18934125,49925,0.04627262312126335
0.2,0.8,0.2,0.6,0.18934125,49925,0.04627262312126335
0.2,0.7,0.3,0.3,0.189357,49925,0.04848984262346745
0.7,0.9,0.2,0.7,0.18937586,49925,0.043271842338090234
0.7,0.8,0.1,0.8,0.1893815,49925,0.04124580837524293
0.8,0.6,0.1,0.5,0.18938313,49925,0.040229487798677466
0.1,0.8,0.2,0.6,0.18938468,49925,0.046999741037970715
0.6,0.9,0.2,0.7,0.18939048,49925,0.04378431022471529
0.6,0.9,0.5,0.1,0.18939953,49925,0.04749360070718439
0.1,0.3,0.1,0.2,0.18940032,49925,0.046806621023912094
0.2,0.6,0.2,0.4,0.18940032,49925,0.046806621023912094
0.3,0.9,0.3,0.6,0.18940032,49925,0.04680662102391209
0.4,0.7,0.2,0.5,0.18940361,49925,0.04502641011517659
0.4,0.5,0.1,0.4,0.1894143,49925,0.04284066878054546
0.4,0.7,0.1,0.7,0.18941852,49925,0.042814117793018386
0.8,0.8,0.1,0.8,0.1894292,49925,0.04077842956624065
0.6,0.8,0.2,0.6,0.18943323,49925,0.04376008547005443
0.3,0.4,0.1,0.3,0.18943323,49925,0.04376008547005443
0.5,0.5,0.1,0.4,0.18943897,49925,0.042012849901059385
0.1,0.6,0.3,0.1,0.18944988,49925,0.05051229780181364
0.2,0.7,0.2,0.5,0.18946822,49925,0.04652667451221803
0.2,0.9,0.3,0.6,0.18947203,49925,0.04743315704634581
0.3,0.7,0.2,0.5,0.18949899,49925,0.04574038679813657
0.8,0.5,0.2,0.2,0.1895247,49925,0.04160096772644162
0.6,0.9,0.4,0.4,0.18953142,49925,0.046377848618607484
0.3,0.8,0.2,0.6,0.18954605,49925,0.045595222274349465
0.1,0.8,0.1,0.8,0.18957703,49925,0.044526950307282535
0.1,0.7,0.2,0.5,0.18958709,49925,0.04735567698358772
0.5,0.9,0.4,0.4,0.18958724,49925,0.04698333542222606
0.3,0.7,0.1,0.7,0.1895886,49925,0.04344401032808301
0.7,0.9,0.4,0.4,0.18960646,49925,0.045780705975493254
0.4,0.9,0.3,0.6,0.1896109,49925,0.046203714520950886
0.5,0.7,0.1,0.7,0.18963024,49925,0.042210117057928716
0.5,0.9,0.5,0.1,0.18963134,49925,0.048213954407143905
0.1,0.7,0.3,0.3,0.18966253,49925,0.04945366901119245
0.9,0.7,0.4,0.1,0.18966514,49925,0.04429779046581188
0.9,0.9,0.4,0.4,0.1896798,49925,0.044706456163313195
0.9,0.8,0.1,0.8,0.18968213,49925,0.040342160365220134
0.7,0.9,0.3,0.6,0.18968254,49925,0.044587655289326046
0.8,0.4,0.1,0.2,0.18968259,49925,0.03864568058974054
0.4,0.8,0.4,0.2,0.18968557,49925,0.04803139377113046
0.2,0.4,0.2,0.1,0.18968557,49925,0.04803139377113046
0.8,0.9,0.4,0.4,0.18972959,49925,0.04523066607640562
0.8,0.4,0.2,0.1,0.18973191,49925,0.04089636433757614
0.2,0.7,0.1,0.7,0.18973212,49925,0.04409653526318355
0.1,0.7,0.1,0.7,0.1897497,49925,0.04480252981140525
0.8,0.7,0.4,0.1,0.18978511,49925,0.04500391970030665
0.4,0.8,0.3,0.5,0.18979798,49925,0.04637042349425583
0.6,0.5,0.1,0.4,0.18980831,49925,0.04122517018939827
0.1,0.6,0.2,0.4,0.18981643,49925,0.04775371281511063
0.5,0.7,0.2,0.5,0.18982613,49925,0.04433998055154597
0.6,0.7,0.2,0.5,0.18983144,49925,0.04368828746776226
0.1,0.8,0.3,0.5,0.18983796,49925,0.04854391016234156
0.4,0.6,0.2,0.4,0.18985438,49925,0.045092761904163094
0.2,0.3,0.1,0.2,0.18985438,49925,0.045092761904163094
0.6,0.9,0.3,0.6,0.18985438,49925,0.045092761904163094
0.3,0.6,0.2,0.4,0.18985663,49925,0.04591262252123759
0.8,0.9,0.2,0.7,0.18985671,49925,0.04278283065647327
0.7,0.7,0.2,0.5,0.18985963,49925,0.043090139381986955
0.2,0.8,0.3,0.5,0.1898614,49925,0.047778568791264076
0.6,0.7,0.1,0.7,0.18986791,49925,0.04168211424279508
0.5,0.9,0.3,0.6,0.18986958,49925,0.04564569138394115
0.4,0.4,0.1,0.3,0.18987408,49925,0.04268408034780574
0.8,0.8,0.2,0.6,0.18987408,49925,0.04268408034780574
0.5,0.8,0.3,0.5,0.18989572,49925,0.04574115038839348
0.9,0.9,0.2,0.7,0.18991917,49925,0.04232535462473621
0.3,0.5,0.2,0.3,0.18992466,49925,0.046133542607297
0.3,0.8,0.3,0.5,0.18993178,49925,0.047049224853734126
0.5,0.6,0.2,0.4,0.18993676,49925,0.04433765191779843
0.9,0.6,0.1,0.5,0.18993965,49925,0.039656803796077125
0.4,0.9,0.4,0.4,0.18994848,49925,0.047631463608883276
0.7,0.3,0.1,0.1,0.18996976,49925,0.03822996514517264
0.6,0.8,0.3,0.5,0.18999332,49925,0.045118438220382966
0.9,0.5,0.2,0.2,0.19001447,49925,0.04087800492655356
0.8,0.6,0.3,0.2,0.19001953,49925,0.04366369170234448
0.7,0.7,0.1,0.7,0.19003797,49925,0.041151385396807995
0.7,0.8,0.2,0.6,0.19004172,49925,0.04321119434499479
0.1,0.9,0.3,0.6,0.19004709,49925,0.0481061504631335
0.4,0.5,0.2,0.3,0.1900519,49925,0.04514308977729105
0.7,0.5,0.1,0.4,0.19010708,49925,0.04050447539202715
0.4,0.9,0.5,0.1,0.1901078,49925,0.04897989800854064
0.3,0.8,0.4,0.2,0.19012266,49925,0.048878193504212616
0.9,0.6,0.3,0.2,0.19012693,49925,0.042984992563835145
0.8,0.9,0.3,0.6,0.19014366,49925,0.044087201712164584
0.7,0.8,0.3,0.5,0.19016455,49925,0.0445528223951118
0.3,0.9,0.4,0.4,0.19017781,49925,0.04829826179628883
0.4,0.6,0.1,0.6,0.19018209,49925,0.042843428029270436
0.3,0.6,0.1,0.6,0.19018571,49925,0.04354862118818036
0.2,0.5,0.2,0.3,0.19020554,49925,0.04721502513730424
0.7,0.6,0.3,0.2,0.1902121,49925,0.044393271970555315
0.1,0.6,0.1,0.6,0.19022486,49925,0.045110832020516675
0.8,0.7,0.1,0.7,0.19023257,49925,0.04065136069312322
0.5,0.6,0.3,0.2,0.19023952,49925,0.046067162594993924
0.9,0.8,0.2,0.6,0.19026548,49925,0.04220966950882565
0.6,0.6,0.3,0.2,0.19027513,49925,0.04520617326783124
0.4,0.6,0.3,0.2,0.19028226,49925,0.04698063412039173
0.2,0.9,0.2,0.8,0.19029906,49925,0.04586637139925996
0.7,0.7,0.4,0.1,0.19030327,49925,0.045755232992139634
0.1,0.5,0.2,0.3,0.19033523,49925,0.04838283855910366
0.9,0.4,0.1,0.2,0.19033664,49925,0.03793454488732271
0.5,0.6,0.1,0.6,0.19034383,49925,0.04217233340727501
0.2,0.9,0.4,0.4,0.19035476,49925,0.04901963584937983
0.8,0.8,0.3,0.5,0.19035837,49925,0.044020938817505455
0.5,0.7,0.3,0.4,0.19036797,49925,0.04587644206339543
0.2,0.6,0.1,0.6,0.19039054,49925,0.04430110534716841
0.9,0.9,0.3,0.6,0.19040672,49925,0.043603012273696985
0.3,0.3,0.1,0.2,0.19040672,49925,0.04360301227369699
0.6,0.6,0.2,0.4,0.19040672,49925,0.04360301227369699
0.3,0.9,0.5,0.1,0.19043037,49925,0.04979990791003447
0.1,0.9,0.4,0.4,0.19047391,49925,0.04976566732988506
0.9,0.7,0.1,0.7,0.19048613,49925,0.04015872049811359
0.9,0.8,0.3,0.5,0.1905177,49925,0.04350462518068054
0.4,0.7,0.3,0.4,0.19053344,49925,0.04659496716401304
0.1,0.4,0.2,0.1,0.19055468,49925,0.04975070839700345
0.2,0.8,0.4,0.2,0.19055468,49925,0.04975070839700345
0.6,0.6,0.1,0.6,0.19057855,49925,0.0415588242586399
0.2,0.9,0.5,0.1,0.19060135,49925,0.05062836847421918
0.1,0.9,0.2,0.8,0.19062,49925,0.0464353682243493
0.8,0.5,0.1,0.4,0.19064142,49925,0.03984122046780021
0.9,0.4,0.2,0.1,0.19070011,49925,0.04009496370394206
0.3,0.9,0.2,0.8,0.19070983,49925,0.04529665567677507
0.6,0.7,0.4,0.1,0.1907157,49925,0.0465390621029091
0.3,0.8,0.1,0.9,0.19073641,49925,0.04317950645511241
0.6,0.7,0.3,0.4,0.19073945,49925,0.045184344519484686
0.9,0.8,0.4,0.3,0.19075686,49925,0.04463259288641663
0.5,0.4,0.1,0.3,0.1907576,49925,0.041723409239515466
0.8,0.7,0.2,0.5,0.19077742,49925,0.04254709598203423
0.1,0.8,0.4,0.2,0.19079372,49925,0.05066476393736626
0.5,0.8,0.1,0.9,0.19080442,49925,0.04218142006580357
0.7,0.7,0.3,0.4,0.1908086,49925,0.044543188289136705
0.5,0.5,0.2,0.3,0.19081107,49925,0.044258331424787585
0.7,0.8,0.1,0.9,0.19082156,49925,0.04125606544430175
0.7,0.6,0.2,0.4,0.190823,49925,0.04292100367252663
0.4,0.9,0.2,0.8,0.19084679,49925,0.0447609303123283
0.8,0.8,0.1,0.9,0.19085671,49925,0.040847199277588446
0.3,0.7,0.3,0.4,0.19086397,49925,0.04736568760999341
0.1,0.8,0.2,0.7,0.19087763,49925,0.046718071550852114
0.6,0.8,0.1,0.9,0.19087943,49925,0.04170474398118084
0.4,0.8,0.1,0.9,0.19089364,49925,0.04268625769259904
0.5,0.9,0.4,0.5,0.19089869,49925,0.046842130108758255
0.6,0.9,0.4,0.5,0.19094396,49925,0.046266979605267544
0.2,0.8,0.2,0.7,0.19095895,49925,0.046066074993332776
0.8,0.8,0.4,0.3,0.19096923,49925,0.045235511662945566
0.9,0.8,0.1,0.9,0.19097224,49925,0.04042807764554256
0.7,0.6,0.1,0.6,0.19098791,49925,0.04098973444736641
0.5,0.9,0.2,0.8,0.19098817,49925,0.04423516083271344
0.6,0.9,0.2,0.8,0.19099632,49925,0.04373587095417107
0.3,0.6,0.3,0.2,0.19101077,49925,0.0479579798921399
0.4,0.8,0.2,0.7,0.1910168,49925,0.044861709511162064
0.2,0.7,0.3,0.4,0.1910169,49925,0.04819729401890634
0.7,0.8,0.4,0.3,0.19101748,49925,0.04584267648860865
0.2,0.8,0.1,0.9,0.19104107,49925,0.04373181827138053
0.4,0.9,0.4,0.5,0.19105601,49925,0.04743810878069089
0.8,0.9,0.4,0.5,0.19105725,49925,0.04520477281475996
0.9,0.9,0.5,0.2,0.1910575,49925,0.045714104557461506
0.5,0.7,0.1,0.8,0.19106233,49925,0.042169753637075647
0.1,0.9,0.5,0.1,0.19108132,49925,0.05151780948739341
0.8,0.9,0.2,0.8,0.1910815,49925,0.04281117694472574
0.6,0.8,0.4,0.3,0.19108348,49925,0.046501254545565786
0.5,0.7,0.4,0.1,0.19109045,49925,0.04738138433705241
0.6,0.5,0.2,0.3,0.19112265,49925,0.0434387172527723
0.7,0.9,0.4,0.5,0.19114625,49925,0.04572499003772085
0.2,0.5,0.1,0.5,0.19117148,49925,0.044510509874564994
0.9,0.5,0.1,0.4,0.19118065,49925,0.039220481863957
0.4,0.7,0.4,0.1,0.19118266,49925,0.04829219253761778
0.9,0.7,0.2,0.5,0.19118512,49925,0.04201860126315747
0.3,0.8,0.2,0.7,0.19119373,49925,0.045449219271720444
0.4,0.5,0.1,0.5,0.1911951,49925,0.04282159656523636
0.3,0.5,0.1,0.5,0.19119656,49925,0.04363192395952202
0.5,0.9,0.3,0.7,0.19122392,49925,0.045513445464433866
0.8,0.7,0.3,0.4,0.19123223,49925,0.043946054490357794
0.2,0.9,0.3,0.7,0.19124031,49925,0.04720991383881
0.5,0.8,0.2,0.7,0.19124433,49925,0.044288499503082654
0.5,0.8,0.4,0.3,0.19125716,49925,0.04718945893443583
0.8,0.6,0.1,0.6,0.19126454,49925,0.04044312134672808
0.7,0.9,0.2,0.8,0.19126654,49925,0.04326434564997687
0.2,0.6,0.3,0.2,0.19127865,49925,0.04901160434252933
0.6,0.7,0.1,0.8,0.19129708,49925,0.041656882088437874
0.4,0.3,0.1,0.2,0.19130005,49925,0.04229197653625357
0.8,0.6,0.2,0.4,0.19130005,49925,0.04229197653625357
0.6,0.8,0.2,0.7,0.19130325,49925,0.043738940613164995
0.2,0.7,0.1,0.8,0.19130775,49925,0.04389585797837627
0.8,0.9,0.5,0.2,0.19131707,49925,0.04631042645678559
0.9,0.9,0.2,0.8,0.19132774,49925,0.04236863281216942
0.6,0.4,0.1,0.3,0.19133045,49925,0.040827068587410836
0.4,0.9,0.3,0.7,0.19133891,49925,0.0460508914768832
0.4,0.8,0.4,0.3,0.19136947,49925,0.047905312537092556
0.9,0.9,0.4,0.5,0.19137797,49925,0.044711530487174335
0.3,0.9,0.3,0.7,0.19139831,49925,0.04663109418778131
0.8,0.3,0.1,0.1,0.19140556,49925,0.037367812071542855
0.7,0.7,0.1,0.8,0.1914126,49925,0.04118124274690259
0.1,0.8,0.1,0.9,0.19142428,49925,0.04427738960117484
0.1,0.7,0.3,0.4,0.19143225,49925,0.04907479171824965
0.7,0.8,0.2,0.7,0.19147785,49925,0.04323640741484498
0.1,0.9,0.3,0.7,0.19148973,49925,0.04781817772805383
0.6,0.9,0.3,0.7,0.19150655,49925,0.04503432454616276
0.9,0.6,0.2,0.4,0.19151643,49925,0.04171741782306042
0.7,0.5,0.2,0.3,0.19152132,49925,0.04267056267150498
0.3,0.9,0.4,0.5,0.19152325,49925,0.048068478389521614
0.5,0.5,0.1,0.5,0.19152465,49925,0.04206283539081164
0.3,0.7,0.2,0.6,0.1915344,49925,0.04559068272204954
0.9,0.7,0.3,0.4,0.19155604,49925,0.04336430652038542
0.1,0.5,0.1,0.5,0.19156924,49925,0.04542248022801591
0.5,0.8,0.3,0.6,0.19157551,49925,0.04561299776205226
0.7,0.9,0.5,0.2,0.19158028,49925,0.04692392736389816
0.4,0.9,0.2,0.9,0.19159766,49925,0.04461019817344544
0.2,0.9,0.4,0.5,0.1916037,49925,0.048731918588972245
0.3,0.8,0.3,0.6,0.1916117,49925,0.046845220006932496
0.7,0.9,0.3,0.7,0.19161639,49925,0.04455223830477851
0.8,0.8,0.2,0.7,0.19162387,49925,0.042736803969078106
0.4,0.7,0.1,0.8,0.1916352,49925,0.04271237597198226
0.2,0.7,0.2,0.6,0.19164863,49925,0.04628257804234074
0.7,0.7,0.2,0.6,0.1916542,49925,0.04315801674646259
0.2,0.8,0.3,0.6,0.19166121,49925,0.047486803279219836
0.4,0.7,0.2,0.6,0.19166449,49925,0.044906212534789776
0.3,0.7,0.4,0.1,0.19167686,49925,0.04923721935028502
0.4,0.8,0.3,0.6,0.19168292,49925,0.04619946305654756
0.5,0.9,0.2,0.9,0.19169408,49925,0.04412706010425157
0.8,0.9,0.3,0.7,0.19169503,49925,0.04408749017605221
0.3,0.8,0.4,0.3,0.1916953,49925,0.048658411684916
0.1,0.7,0.2,0.6,0.19169757,49925,0.04703375999536422
0.5,0.7,0.2,0.6,0.19171906,49925,0.04429073649862463
0.3,0.7,0.1,0.8,0.19172192,49925,0.043283501023433785
0.9,0.5,0.3,0.1,0.19173253,49925,0.042584777228909604
0.8,0.7,0.1,0.8,0.19173431,49925,0.0407065407152045
0.9,0.6,0.1,0.6,0.19175068,49925,0.03990643920541576
0.6,0.8,0.3,0.6,0.19175293,49925,0.04507990571974337
0.6,0.7,0.2,0.6,0.19176616,49925,0.043717002637795016
0.6,0.9,0.5,0.2,0.1917695,49925,0.04755099023645043
0.1,0.9,0.4,0.5,0.1917799,49925,0.04943044235861323
0.1,0.6,0.3,0.2,0.19178642,49925,0.05010940121137134
0.3,0.9,0.2,0.9,0.1918013,49925,0.04511079596615272
0.1,0.7,0.1,0.8,0.1918189,49925,0.04450670643059621
0.1,0.8,0.3,0.6,0.19183035,49925,0.04818447292972909
0.9,0.8,0.2,0.7,0.19185662,49925,0.04226376012640626
0.6,0.6,0.1,0.7,0.1918846,49925,0.04157665448372957
0.9,0.7,0.1,0.8,0.1918855,49925,0.04027033622282604
0.5,0.9,0.5,0.2,0.19191173,49925,0.0482273036726329
0.9,0.9,0.3,0.7,0.19191806,49925,0.043635911709275214
0.4,0.6,0.2,0.5,0.19192998,49925,0.04497650206639212
0.8,0.7,0.2,0.6,0.1919367,49925,0.04262609622749105
0.6,0.9,0.2,0.9,0.19194308,49925,0.04366112296634207
0.2,0.6,0.2,0.5,0.19194655,49925,0.04652083153200659
0.7,0.8,0.3,0.6,0.19194941,49925,0.04455084135347308
0.8,0.5,0.3,0.1,0.1919617,49925,0.04337987344848194
0.8,0.9,0.2,0.9,0.19198816,49925,0.04279153942045416
0.8,0.5,0.2,0.3,0.1920082,49925,0.04197463014666159
0.5,0.6,0.1,0.7,0.19201688,49925,0.04213404790498144
0.3,0.6,0.2,0.5,0.19202656,49925,0.04571058275883148
0.4,0.6,0.1,0.7,0.19203046,49925,0.04272474893754034
0.2,0.8,0.4,0.3,0.19205597,49925,0.0494453937584672
0.7,0.5,0.3,0.1,0.1920592,49925,0.04421270368020173
0.2,0.9,0.2,0.9,0.19206098,49925,0.04562085646514388
0.2,0.7,0.4,0.1,0.19208845,49925,0.05025344633162015
0.8,0.8,0.3,0.6,0.19213295,49925,0.04403280166725406
0.6,0.5,0.1,0.5,0.19215818,49925,0.041383445643405015
0.7,0.9,0.2,0.9,0.19218013,49925,0.043216491318630916
0.5,0.3,0.1,0.2,0.19218962,49925,0.041171173722649515
0.5,0.6,0.2,0.5,0.19219424,49925,0.04429142337191573
0.1,0.9,0.2,0.9,0.19220762,49925,0.04616280084788628
0.9,0.9,0.2,0.9,0.19221789,49925,0.04238237496659047
0.3,0.8,0.2,0.8,0.19222498,49925,0.04525582959509864
0.1,0.8,0.4,0.3,0.19223273,49925,0.05027463901254743
0.3,0.6,0.1,0.7,0.19225347,49925,0.04336097861645219
0.4,0.8,0.2,0.8,0.1922635,49925,0.044721806175329955
0.2,0.4,0.1,0.4,0.1922635,49925,0.044721806175329955
0.4,0.9,0.5,0.2,0.19226965,49925,0.048927477474480036
0.7,0.9,0.4,0.6,0.19227593,49925,0.045622523118361194
0.9,0.7,0.2,0.6,0.19229452,49925,0.042128042927064284
0.9,0.8,0.5,0.1,0.19229987,49925,0.04563863957516032
0.9,0.9,0.4,0.6,0.19230258,49925,0.04467475656324314
0.8,0.6,0.3,0.3,0.1923189,49925,0.04386575883382398
0.9,0.8,0.3,0.6,0.19232376,49925,0.04355003167286637
0.1,0.7,0.4,0.1,0.19233301,49925,0.05129456130918574
0.9,0.7,0.4,0.2,0.19234236,49925,0.04457292727935302
0.6,0.9,0.4,0.6,0.19234388,49925,0.04614264559087388
0.2,0.8,0.2,0.8,0.19236362,49925,0.04581923267322264
0.1,0.4,0.1,0.4,0.19236362,49925,0.04581923267322264
0.7,0.5,0.1,0.5,0.19238266,49925,0.04073304678843102
0.1,0.6,0.2,0.5,0.19238771,49925,0.04739071863314555
0.6,0.7,0.3,0.5,0.19242835,49925,0.04510880422792998
0.6,0.5,0.3,0.1,0.19242859,49925,0.045147927939804613
0.9,0.3,0.1,0.1,0.19243564,49925,0.036594626674611816
0.6,0.4,0.2,0.2,0.19244492,49925,0.0432205445726723
0.9,0.6,0.3,0.3,0.19244492,49925,0.04322054457267229
0.3,0.2,0.1,0.1,0.19244492,49925,0.0432205445726723
0.5,0.7,0.3,0.5,0.19245024,49925,0.045723607663546724
0.3,0.7,0.3,0.5,0.19246729,49925,0.04710621246197519
0.7,0.6,0.1,0.7,0.19248183,49925,0.041037525276793656
0.6,0.6,0.2,0.5,0.19249403,49925,0.043640402968809736
0.5,0.9,0.4,0.6,0.19250621,49925,0.04667335807814072
0.5,0.4,0.2,0.2,0.19252157,49925,0.04419800791454546
0.8,0.9,0.4,0.6,0.19256705,49925,0.04513955623025127
0.4,0.7,0.3,0.5,0.19257025,49925,0.046386446885288556
0.7,0.4,0.1,0.3,0.19257362,49925,0.04002815790873431
0.2,0.6,0.1,0.7,0.19257489,49925,0.04404021975485841
0.4,0.9,0.4,0.6,0.19259146,49925,0.04723842214052554
0.3,0.4,0.2,0.2,0.19259149,49925,0.046404389802726306
0.6,0.8,0.4,0.4,0.19259149,49925,0.046404389802726306
0.8,0.8,0.5,0.1,0.19261643,49925,0.04627111646715198
0.2,0.9,0.5,0.2,0.19261944,49925,0.0504374940498385
0.7,0.4,0.2,0.2,0.19262782,49925,0.042334309259904584
0.1,0.6,0.1,0.7,0.19263737,49925,0.04472363027786337
0.6,0.9,0.3,0.8,0.19263941,49925,0.04491751979353049
0.8,0.7,0.4,0.2,0.1926524,49925,0.045225849143049744
0.3,0.5,0.2,0.4,0.19265676,49925,0.04588781872367656
0.4,0.6,0.3,0.3,0.1926651,49925,0.04681788510331809
0.5,0.8,0.2,0.8,0.19266687,49925,0.044190179375135426
0.7,0.8,0.4,0.4,0.19267778,49925,0.04580322660603967
0.9,0.5,0.2,0.3,0.1926909,49925,0.04130887934563014
0.4,0.5,0.2,0.4,0.19269224,49925,0.04503736472541027
0.8,0.9,0.3,0.8,0.19269812,49925,0.04405158947241007
0.7,0.6,0.3,0.3,0.19269854,49925,0.044542225142472434
0.7,0.6,0.2,0.5,0.1926996,49925,0.04302602393209573
0.1,0.7,0.3,0.5,0.19271553,49925,0.048640389637579974
0.9,0.9,0.5,0.3,0.19272152,49925,0.0457646678160691
0.2,0.7,0.3,0.5,0.19273087,49925,0.047850643201587065
0.7,0.9,0.3,0.8,0.19273762,49925,0.044469491174825494
0.4,0.8,0.4,0.4,0.19273773,49925,0.04767434428909965
0.2,0.4,0.2,0.2,0.19273773,49925,0.04767434428909965
0.3,0.6,0.3,0.3,0.19273773,49925,0.04767434428909964
0.1,0.2,0.1,0.1,0.19273773,49925,0.04767434428909965
0.5,0.6,0.3,0.3,0.19274472,49925,0.04599495493668243
0.8,0.8,0.4,0.4,0.19275711,49925,0.04523948031403904
0.6,0.6,0.3,0.3,0.19275711,49925,0.04523948031403904
0.2,0.2,0.1,0.1,0.19275711,49925,0.04523948031403904
0.4,0.4,0.2,0.2,0.19275711,49925,0.04523948031403904
0.3,0.9,0.3,0.8,0.19281514,49925,0.04642969229228858
0.7,0.7,0.3,0.5,0.19281597,49925,0.044526251742412794
0.9,0.8,0.4,0.4,0.19281985,49925,0.04470703555378838
0.7,0.8,0.5,0.1,0.192826,49925,0.046936806960244805
0.1,0.9,0.5,0.2,0.19282794,49925,0.05122905531467041
0.3,0.9,0.4,0.6,0.19283402,49925,0.04783842806221529
0.5,0.8,0.4,0.4,0.19284074,49925,0.0470268237615274
0.5,0.5,0.3,0.1,0.19284129,49925,0.04613246274802058
0.5,0.7,0.1,0.9,0.19285432,49925,0.04207159637758624
0.9,0.9,0.3,0.8,0.19287114,49925,0.04363064357594356
0.2,0.5,0.2,0.4,0.19288199,49925,0.046826506387692875
0.8,0.7,0.3,0.5,0.19288498,49925,0.04396805384615339
0.3,0.9,0.5,0.2,0.19288895,49925,0.04965690762496373
0.3,0.7,0.2,0.7,0.19290501,49925,0.045370272487476715
0.1,0.9,0.4,0.6,0.19291306,49925,0.04907804823128924
0.1,0.8,0.2,0.8,0.19292113,49925,0.04642302203142072
0.6,0.7,0.1,0.9,0.19292864,49925,0.04161245109163861
0.8,0.4,0.1,0.3,0.19293495,49925,0.03927913424219144
0.8,0.5,0.1,0.5,0.19294429,49925,0.04010788506892765
0.6,0.8,0.2,0.8,0.192961,49925,0.04368109268445595
0.3,0.4,0.1,0.4,0.192961,49925,0.04368109268445595
0.2,0.9,0.4,0.6,0.19296512,49925,0.048443869009208045
0.5,0.9,0.3,0.8,0.19299173,49925,0.04539208522392927
0.1,0.5,0.2,0.4,0.19301575,49925,0.04784530875968375
0.7,0.7,0.1,0.9,0.19302733,49925,0.04115846323832929
0.4,0.9,0.3,0.8,0.19304678,49925,0.045900183595450686
0.7,0.7,0.4,0.2,0.19305602,49925,0.04592134311713974
0.8,0.6,0.1,0.7,0.1930635,49925,0.04053131448877043
0.9,0.7,0.3,0.5,0.19306855,49925,0.04343624403145816
0.6,0.3,0.1,0.2,0.193076,49925,0.04015459518824795
0.4,0.7,0.1,0.9,0.19307742,49925,0.042562020192081225
0.2,0.7,0.2,0.7,0.19308743,49925,0.04600644530487658
0.3,0.8,0.4,0.4,0.19309147,49925,0.048362414373948004
0.2,0.9,0.3,0.8,0.19309582,49925,0.04695822411228707
0.7,0.8,0.3,0.7,0.19311492,49925,0.044475109347022694
0.2,0.6,0.3,0.3,0.19312653,49925,0.04860720064111729
0.4,0.5,0.1,0.6,0.1931569,49925,0.04270999910566736
0.9,0.4,0.1,0.3,0.19316173,49925,0.03860740231625632
0.8,0.9,0.5,0.3,0.19316421,49925,0.04630877351479027
0.5,0.5,0.2,0.4,0.19318119,49925,0.04424700773857296
0.9,0.5,0.1,0.5,0.19318755,49925,0.039536959220016515
0.1,0.4,0.2,0.2,0.19320068,49925,0.04909116940875757
0.2,0.8,0.4,0.4,0.19320068,49925,0.04909116940875757
0.6,0.8,0.5,0.1,0.19322132,49925,0.04765204133049977
0.6,0.7,0.4,0.2,0.19322425,49925,0.046623815411375905
0.1,0.9,0.3,0.8,0.1932508,49925,0.04754339337098733
0.4,0.5,0.3,0.1,0.19325739,49925,0.04719968513781404
0.3,0.5,0.1,0.6,0.19326687,49925,0.04343837654049157
0.7,0.9,0.4,0.7,0.19330731,49925,0.045511191702960085
0.8,0.7,0.1,0.9,0.19330987,49925,0.04072433471444851
0.7,0.9,0.5,0.3,0.1933119,49925,0.0468816999600075
0.5,0.7,0.2,0.7,0.19331384,49925,0.044202003979550916
0.9,0.8,0.2,0.8,0.19331877,49925,0.04229263801031598
0.4,0.7,0.2,0.7,0.19332081,49925,0.04476942321167197
0.1,0.8,0.4,0.4,0.19335593,49925,0.049849648130122264
0.9,0.6,0.1,0.7,0.19336233,49925,0.04003763007196915
0.6,0.5,0.2,0.4,0.1933667,49925,0.04351009487336378
0.7,0.8,0.2,0.8,0.19337595,49925,0.043196585829889715
0.4,0.2,0.1,0.1,0.19339494,49925,0.041513047415720955
0.8,0.4,0.2,0.2,0.19339494,49925,0.041513047415720955
0.8,0.8,0.3,0.7,0.19339494,49925,0.0440147287309864
0.5,0.9,0.5,0.3,0.1933984,49925,0.04807419785604448
0.1,0.7,0.2,0.7,0.19340679,49925,0.046678132544254784
0.6,0.9,0.5,0.3,0.19340892,49925,0.04745757570200784
0.4,0.4,0.1,0.4,0.19341753,49925,0.04273224670718423
0.8,0.8,0.2,0.8,0.19341753,49925,0.04273224670718423
0.4,0.9,0.5,0.3,0.1934194,49925,0.04872130144589642
0.6,0.8,0.3,0.7,0.19342548,49925,0.044970849161398097
0.5,0.5,0.1,0.6,0.19344468,49925,0.042045823813745525
0.6,0.9,0.4,0.7,0.19344491,49925,0.04599924064666414
0.5,0.4,0.1,0.4,0.19347906,49925,0.041875239424422256
0.2,0.7,0.1,0.9,0.19350444,49925,0.04359819994872908
0.5,0.8,0.3,0.7,0.19350585,49925,0.045490184462078545
0.3,0.9,0.5,0.3,0.19351509,49925,0.049386524097172375
0.8,0.6,0.2,0.5,0.19352484,49925,0.04244606361483863
0.5,0.7,0.4,0.2,0.19355775,49925,0.04738380559741935
0.9,0.9,0.4,0.7,0.19355844,49925,0.044618024880141015
0.3,0.7,0.1,0.9,0.19357929,49925,0.04308078719538681
0.1,0.6,0.3,0.3,0.19358866,49925,0.04958918797009372
0.3,0.7,0.4,0.2,0.19359049,49925,0.04903338842017907
0.4,0.8,0.3,0.7,0.19359095,49925,0.04601944900284323
0.5,0.8,0.5,0.1,0.19361788,49925,0.04841288361928768
0.8,0.9,0.4,0.7,0.19362192,49925,0.04505621026952375
0.9,0.7,0.1,0.9,0.1936422,49925,0.04030172966519937
0.6,0.7,0.2,0.7,0.19367313,49925,0.04364805777528375
0.4,0.8,0.2,0.9,0.19367957,49925,0.04452692009939003
0.3,0.8,0.3,0.7,0.19369112,49925,0.04659097187410389
0.3,0.8,0.2,0.9,0.19369808,49925,0.045035119516257
0.4,0.8,0.5,0.1,0.19370112,49925,0.04919228667332229
0.7,0.7,0.2,0.7,0.19370745,49925,0.04313958158355576
0.2,0.5,0.1,0.6,0.19371396,49925,0.04417442728474553
0.2,0.8,0.3,0.7,0.19371483,49925,0.0471929343216152
0.4,0.9,0.4,0.7,0.19373718,49925,0.04700340269779958
0.4,0.7,0.4,0.2,0.19374546,49925,0.048191228412222606
0.9,0.8,0.3,0.7,0.19375283,49925,0.043552565170969705
0.9,0.6,0.2,0.5,0.1937581,49925,0.04189933134324401
0.1,0.8,0.3,0.7,0.19377331,49925,0.047838529027809
0.3,0.8,0.5,0.1,0.19377987,49925,0.050008190773800365
0.9,0.4,0.2,0.2,0.19378011,49925,0.04077804768246802
0.5,0.8,0.2,0.9,0.19378978,49925,0.04404259871008188
0.5,0.9,0.4,0.7,0.19380736,49925,0.04649621500393651
0.3,0.9,0.4,0.7,0.19384174,49925,0.04755946356812547
0.1,0.8,0.5,0.1,0.19386199,49925,0.05173414587026922
0.3,0.5,0.3,0.1,0.193872,49925,0.048341848595662006
0.6,0.8,0.2,0.9,0.19388552,49925,0.04357433447056715
0.2,0.9,0.5,0.3,0.19393659,49925,0.05009051449561614
0.2,0.9,0.4,0.7,0.19394636,49925,0.048138324172388065
0.6,0.7,0.3,0.6,0.19395295,49925,0.04497827892593363
0.5,0.6,0.1,0.8,0.19396597,49925,0.0420423785100028
0.8,0.8,0.4,0.5,0.19397338,49925,0.04518656038488074
0.2,0.7,0.4,0.2,0.19397774,49925,0.049922062899068136
0.5,0.7,0.3,0.6,0.1939906,49925,0.04555706444865605
0.6,0.6,0.1,0.8,0.19399677,49925,0.041510869867787015
0.8,0.9,0.3,0.9,0.1940009,49925,0.043972343794436305
0.2,0.5,0.3,0.1,0.1940065,49925,0.0495632689770382
0.6,0.5,0.1,0.6,0.19401205,49925,0.041409228041714076
0.6,0.8,0.4,0.5,0.19401316,49925,0.04627184631084854
0.7,0.7,0.3,0.6,0.19401374,49925,0.04444492751799516
0.1,0.9,0.5,0.3,0.19403684,49925,0.05081955385703111
0.3,0.6,0.1,0.8,0.19403753,49925,0.04313404598177773
0.7,0.5,0.2,0.4,0.19403921,49925,0.042820340499945105
0.4,0.6,0.1,0.8,0.19404098,49925,0.04257290738228279
0.5,0.6,0.2,0.6,0.19407114,49925,0.04417980130746395
0.1,0.7,0.4,0.2,0.19408108,49925,0.050862891460218176
0.4,0.8,0.4,0.5,0.19408509,49925,0.047423634465228535
0.7,0.8,0.2,0.9,0.19409178,49925,0.04311329913020989
0.1,0.7,0.1,0.9,0.19409359,49925,0.04416442371300403
0.7,0.3,0.1,0.2,0.19409722,49925,0.039244637712858924
0.8,0.7,0.2,0.7,0.19410777,49925,0.04264197865870318
0.9,0.9,0.5,0.4,0.19411114,49925,0.04573895896537365
0.9,0.9,0.6,0.1,0.19411829,49925,0.046616169324343405
0.1,0.6,0.2,0.6,0.1941191,49925,0.046950685128906426
0.8,0.9,0.5,0.4,0.1941198,49925,0.046222839415575194
0.5,0.8,0.4,0.5,0.19412005,49925,0.046832659162668225
0.9,0.7,0.4,0.3,0.19412029,49925,0.04465412506239373
0.3,0.8,0.4,0.5,0.19414765,49925,0.048073067715084135
0.7,0.6,0.1,0.8,0.1941953,49925,0.041026045389513
0.9,0.7,0.2,0.7,0.19419919,49925,0.04216745359103538
0.2,0.8,0.5,0.1,0.19420855,49925,0.050859225872798126
0.9,0.8,0.4,0.5,0.19421217,49925,0.04468228580654257
0.9,0.9,0.3,0.9,0.19421875,49925,0.0435806629393762
0.6,0.6,0.2,0.6,0.19421875,49925,0.04358066293937621
0.3,0.3,0.1,0.3,0.19421875,49925,0.04358066293937621
0.8,0.5,0.2,0.4,0.1942491,49925,0.04216555819540182
0.1,0.9,0.3,0.9,0.19425619,49925,0.04721490858817234
0.5,0.2,0.1,0.1,0.19426018,49925,0.040079131907064476
0.7,0.9,0.3,0.9,0.19426939,49925,0.04438819802942777
0.4,0.7,0.3,0.6,0.19427718,49925,0.04615637043526575
0.2,0.6,0.2,0.6,0.19428521,49925,0.04617905496138129
0.3,0.9,0.3,0.9,0.19428521,49925,0.0461790549613813
0.1,0.3,0.1,0.3,0.19428521,49925,0.04617905496138129
0.2,0.8,0.2,0.9,0.19429642,49925,0.045542888380497235
0.1,0.5,0.1,0.6,0.1942972,49925,0.044977018514563864
0.7,0.5,0.1,0.6,0.19429936,49925,0.04080553706601942
0.2,0.9,0.3,0.9,0.19430345,49925,0.046693040714460225
0.1,0.5,0.3,0.1,0.19430678,49925,0.0509043618289054
0.7,0.8,0.4,0.5,0.19431719,49925,0.04571505773672389
0.8,0.8,0.2,0.9,0.19432339,49925,0.04267526503154618
0.6,0.4,0.1,0.4,0.19434161,49925,0.04109629286057805
0.1,0.9,0.4,0.7,0.19434904,49925,0.04870977418611106
0.6,0.9,0.3,0.9,0.19435957,49925,0.04479985627422615
0.4,0.6,0.2,0.6,0.19435957,49925,0.044799856274226155
0.2,0.3,0.1,0.3,0.19435957,49925,0.044799856274226155
0.7,0.9,0.5,0.4,0.19436072,49925,0.04674140835048866
0.8,0.9,0.6,0.1,0.19436914,49925,0.04720584981815076
0.4,0.9,0.3,0.9,0.19442382,49925,0.04570980568772304
0.8,0.7,0.4,0.3,0.19443437,49925,0.0452594698279091
0.3,0.7,0.3,0.6,0.1944439,49925,0.046793712350236535
0.9,0.6,0.3,0.4,0.19445394,49925,0.04330075979994067
0.6,0.6,0.3,0.4,0.19446437,49925,0.04515485631966357
0.3,0.6,0.2,0.6,0.19448718,49925,0.04548016983188335
0.7,0.7,0.4,0.3,0.19449417,49925,0.04587041445419782
0.9,0.5,0.2,0.4,0.19449842,49925,0.041557724034740326
0.8,0.7,0.3,0.6,0.19450071,49925,0.04393124251448007
0.7,0.4,0.1,0.4,0.19450767,49925,0.04035856848535323
0.4,0.6,0.3,0.4,0.19451323,49925,0.046572259899761874
0.9,0.6,0.4,0.1,0.19452128,49925,0.044389010353151265
0.1,0.8,0.2,0.9,0.19452734,49925,0.04608329554130751
0.2,0.7,0.3,0.6,0.19453296,49925,0.04747852510750232
0.8,0.6,0.1,0.8,0.19454028,49925,0.04054064659579238
0.1,0.7,0.3,0.6,0.19454633,49925,0.048184839580893056
0.1,0.8,0.4,0.5,0.1945513,49925,0.049433690112834654
0.5,0.6,0.3,0.4,0.19457209,49925,0.0458505042194298
0.3,0.6,0.3,0.4,0.19457476,49925,0.04735374042956936
0.8,0.6,0.4,0.1,0.19459864,49925,0.04511601346839671
0.5,0.9,0.3,0.9,0.19459967,49925,0.045247322117272025
0.6,0.7,0.4,0.3,0.19460413,49925,0.04651841926387346
0.8,0.8,0.5,0.2,0.19460891,49925,0.04636033891510451
0.7,0.6,0.3,0.4,0.19460939,49925,0.04450340716674114
0.8,0.4,0.1,0.4,0.19461504,49925,0.039677591822256594
0.2,0.8,0.4,0.5,0.19461507,49925,0.04874026970075236
0.7,0.6,0.2,0.6,0.1946217,49925,0.04301420522290968
0.8,0.6,0.3,0.4,0.1946275,49925,0.04389794226682778
0.5,0.9,0.5,0.4,0.19463873,49925,0.0478800844974777
0.6,0.9,0.5,0.4,0.19465333,49925,0.04730368557874456
0.2,0.6,0.3,0.4,0.19465402,49925,0.048201627289253916
0.9,0.8,0.5,0.2,0.19466391,49925,0.04577614549188924
0.4,0.7,0.2,0.8,0.19467951,49925,0.04457302797346373
0.8,0.9,0.4,0.8,0.19467953,49925,0.04494088295751214
0.4,0.9,0.5,0.4,0.19469455,49925,0.04846237839676631
0.2,0.6,0.1,0.8,0.19473608,49925,0.043720645790203204
0.7,0.9,0.6,0.1,0.19474559,49925,0.04782494436960701
0.6,0.9,0.6,0.1,0.19474609,49925,0.04847324386327222
0.7,0.9,0.4,0.8,0.19475663,49925,0.04536587852856098
0.9,0.7,0.3,0.6,0.19476895,49925,0.04343728378485841
0.1,0.6,0.3,0.4,0.1947706,49925,0.0490788214239662
0.7,0.8,0.3,0.8,0.19477662,49925,0.044360350908102274
0.9,0.5,0.3,0.2,0.19478722,49925,0.04294630486353317
0.3,0.9,0.5,0.4,0.19478765,49925,0.04908448510956016
0.6,0.9,0.4,0.8,0.19484746,49925,0.04581696263842587
0.9,0.9,0.4,0.8,0.19484897,49925,0.044534176460640576
0.8,0.5,0.3,0.2,0.19485041,49925,0.04366218142267773
0.6,0.8,0.4,0.6,0.19486009,49925,0.046093113093472166
0.3,0.4,0.2,0.3,0.19486009,49925,0.046093113093472166
0.9,0.8,0.2,0.9,0.19487394,49925,0.042264891793074286
0.8,0.5,0.1,0.6,0.19490251,49925,0.040262887323522144
0.3,0.9,0.6,0.1,0.19492365,49925,0.0505005708012076
0.1,0.9,0.5,0.4,0.19492413,49925,0.050388661618174485
0.3,0.7,0.2,0.8,0.1949403,49925,0.04511543357413619
0.6,0.7,0.2,0.8,0.19496238,49925,0.04353405917986365
0.7,0.8,0.4,0.6,0.19496727,49925,0.045591739467563466
0.2,0.9,0.5,0.4,0.19496946,49925,0.049725648136069986
0.7,0.8,0.5,0.2,0.19497931,49925,0.04698742787551654
0.1,0.9,0.6,0.1,0.19498104,49925,0.052002780564966995
0.7,0.5,0.3,0.2,0.19498514,49925,0.04443943213313902
0.5,0.7,0.4,0.3,0.195002,49925,0.04719714272553422
0.7,0.7,0.2,0.8,0.1950201,49925,0.04305094922493008
0.5,0.7,0.2,0.8,0.19502683,49925,0.04405251513521263
0.6,0.8,0.3,0.8,0.1950291,49925,0.04482730484558801
0.4,0.3,0.1,0.3,0.19504134,49925,0.04248505629914356
0.8,0.6,0.2,0.6,0.19504134,49925,0.04248505629914356
0.8,0.8,0.3,0.8,0.19504474,49925,0.043914359328333936
0.9,0.5,0.1,0.6,0.19505382,49925,0.03972729450022049
0.9,0.8,0.4,0.6,0.19506085,49925,0.04461257728603038
0.8,0.8,0.4,0.6,0.19506249,49925,0.04508431695408006
0.4,0.4,0.2,0.3,0.19506249,49925,0.04508431695408006
0.5,0.9,0.4,0.8,0.19507304,49925,0.046278341501224216
0.2,0.8,0.3,0.8,0.1950961,49925,0.046866562310094485
0.9,0.4,0.1,0.4,0.19510698,49925,0.03904004104457427
0.5,0.9,0.6,0.1,0.19511387,49925,0.049125680138276964
0.8,0.3,0.1,0.2,0.19512041,49925,0.03842899775161484
0.3,0.7,0.4,0.3,0.19512588,49925,0.04867818261273976
0.9,0.6,0.1,0.8,0.19512996,49925,0.04009756330012196
0.9,0.6,0.2,0.6,0.19513234,49925,0.041976923543574546
0.5,0.8,0.4,0.6,0.19514309,49925,0.04663236487889531
0.3,0.4,0.1,0.5,0.19514811,49925,0.04342763303711546
0.6,0.8,0.5,0.2,0.19515178,49925,0.04763009650444024
0.4,0.8,0.3,0.8,0.19515385,49925,0.045801319415748484
0.2,0.9,0.6,0.1,0.1951677,49925,0.05123428043018679
0.9,0.9,0.5,0.5,0.1951763,49925,0.045640003214862813
0.2,0.7,0.2,0.8,0.19519088,49925,0.04569576688138698
0.8,0.9,0.5,0.5,0.19519408,49925,0.04612049789119977
0.4,0.9,0.6,0.1,0.1951952,49925,0.049812643928946694
0.5,0.5,0.3,0.2,0.19520187,49925,0.046099442009975476
0.2,0.7,0.4,0.3,0.19521421,49925,0.04949080685070393
0.4,0.7,0.4,0.3,0.19522083,49925,0.04791553269340875
0.7,0.6,0.4,0.1,0.19523928,49925,0.04588198274686619
0.3,0.9,0.4,0.8,0.19524351,49925,0.04728451911906464
0.5,0.4,0.2,0.3,0.1952471,49925,0.0441673495442521
0.4,0.9,0.4,0.8,0.19525734,49925,0.04677622043536275
0.5,0.8,0.3,0.8,0.19526762,49925,0.045312069912105325
0.3,0.8,0.3,0.8,0.19526978,49925,0.0463270234121903
0.1,0.7,0.2,0.8,0.19527921,49925,0.046298114751183235
0.6,0.2,0.1,0.1,0.19529407,49925,0.03886719192427478
0.4,0.5,0.2,0.5,0.19530244,49925,0.04482873723145301
0.6,0.6,0.4,0.1,0.1953118,49925,0.046691107947906076
0.1,0.8,0.3,0.8,0.19531488,49925,0.04744868525111846
0.1,0.6,0.1,0.8,0.19532111,49925,0.04433029114028955
0.1,0.8,0.5,0.2,0.19535807,49925,0.05132134347193478
0.9,0.8,0.3,0.8,0.1953728,49925,0.04350088192448145
0.6,0.5,0.3,0.2,0.19537582,49925,0.045254950531035947
0.5,0.3,0.1,0.3,0.1954085,49925,0.04150512917049742
0.1,0.7,0.4,0.3,0.19541265,49925,0.05032120948870071
0.4,0.8,0.5,0.2,0.195422,49925,0.04901469468868225
0.7,0.9,0.5,0.5,0.19543463,49925,0.04660921147872983
0.2,0.9,0.4,0.8,0.19545424,49925,0.04781115423576536
0.4,0.5,0.3,0.2,0.19546437,49925,0.04702194660339632
0.5,0.8,0.5,0.2,0.19548056,49925,0.04830877794494573
0.2,0.9,0.5,0.5,0.19548559,49925,0.04937107888450439
0.2,0.4,0.2,0.3,0.19551113,49925,0.04719176015888877
0.4,0.8,0.4,0.6,0.19551113,49925,0.04719176015888877
0.4,0.5,0.1,0.7,0.19551851,49925,0.04251457606637562
0.2,0.4,0.1,0.5,0.19554424,49925,0.04431996510287624
0.6,0.4,0.2,0.3,0.19557406,49925,0.04331519604498747
0.1,0.9,0.5,0.5,0.19558322,49925,0.04997985487327208
0.5,0.4,0.1,0.5,0.19559109,49925,0.041863518061444754
0.8,0.7,0.2,0.8,0.19561613,49925,0.04259978188067454
0.1,0.5,0.3,0.2,0.19562185,49925,0.05021262487406948
0.4,0.4,0.1,0.5,0.19562185,49925,0.04261910611209306
0.3,0.8,0.4,0.6,0.19562377,49925,0.047779876886679236
0.3,0.8,0.5,0.2,0.19564041,49925,0.049763634716310574
0.2,0.5,0.2,0.5,0.19566059,49925,0.04639701128542064
0.6,0.9,0.5,0.5,0.19568324,49925,0.04711172530704587
0.5,0.5,0.1,0.7,0.1956901,49925,0.04193367100109315
0.2,0.8,0.5,0.2,0.19569424,49925,0.05052594769171191
0.6,0.5,0.2,0.5,0.19569759,49925,0.04344193379792564
0.5,0.6,0.3,0.5,0.19570903,49925,0.04563624953142154
0.5,0.5,0.2,0.5,0.19571184,49925,0.044124529649656255
0.3,0.5,0.2,0.5,0.19571933,49925,0.0455918504120003
0.7,0.4,0.2,0.3,0.19573046,49925,0.04251722256505823
0.1,0.9,0.4,0.8,0.19573684,49925,0.04835217076706325
0.3,0.9,0.5,0.5,0.19574456,49925,0.04877807660390885
0.4,0.6,0.1,0.9,0.19574468,49925,0.04235659727778639
0.3,0.5,0.1,0.7,0.1957575,49925,0.04316162937127415
0.4,0.6,0.3,0.5,0.19575755,49925,0.04631132385084127
0.5,0.7,0.3,0.7,0.19577861,49925,0.045363634985703755
0.5,0.6,0.1,0.9,0.19579014,49925,0.04187067307145243
0.2,0.6,0.4,0.1,0.19579145,49925,0.05039279581586077
0.1,0.6,0.4,0.1,0.19580644,49925,0.05146442069832827
0.7,0.3,0.2,0.1,0.1958121,49925,0.041744760936524586
0.9,0.7,0.4,0.4,0.19581558,49925,0.04464941344094135
0.5,0.6,0.4,0.1,0.1958276,49925,0.04752949313824498
0.1,0.8,0.4,0.6,0.19582948,49925,0.04903154823956794
0.8,0.4,0.2,0.3,0.19587123,49925,0.0417887143867102
0.1,0.5,0.2,0.5,0.19587941,49925,0.04726840604072766
0.7,0.8,0.5,0.3,0.19588104,49925,0.04686754219957163
0.4,0.9,0.5,0.5,0.19588952,49925,0.048199918451205706
0.6,0.7,0.3,0.7,0.19589835,49925,0.04481971160999031
0.3,0.6,0.4,0.1,0.1959191,49925,0.04938036945186359
0.5,0.9,0.5,0.5,0.19593067,49925,0.04764332359479784
0.9,0.7,0.2,0.8,0.19593148,49925,0.04216436270773604
0.6,0.8,0.4,0.7,0.19594082,49925,0.04590923498814224
0.6,0.6,0.1,0.9,0.19594589,49925,0.04140713531314992
0.1,0.4,0.1,0.5,0.19596474,49925,0.04523989986080444
0.2,0.8,0.4,0.6,0.1959669,49925,0.04840717715422694
0.1,0.4,0.2,0.3,0.1959669,49925,0.04840717715422694
0.6,0.4,0.1,0.5,0.19597246,49925,0.041138005992168276
0.4,0.7,0.3,0.7,0.19598147,49925,0.04590476333890032
0.6,0.6,0.2,0.7,0.195992,49925,0.04347085046171778
0.7,0.7,0.4,0.4,0.19599433,49925,0.0457480144087065
0.8,0.8,0.5,0.3,0.19599497,49925,0.04629961147623461
0.4,0.6,0.4,0.1,0.19599564,49925,0.048422560616865805
0.3,0.5,0.3,0.2,0.19602233,49925,0.04800633196412009
0.3,0.6,0.3,0.5,0.19602445,49925,0.04701732811746448
0.9,0.8,0.5,0.3,0.19602926,49925,0.04576092622640258
0.7,0.5,0.2,0.5,0.19603975,49925,0.04282190842700205
0.8,0.3,0.2,0.1,0.1960555,49925,0.04080850017218357
0.2,0.5,0.3,0.2,0.19607662,49925,0.04906598923815672
0.2,0.5,0.1,0.7,0.19608371,49925,0.043823824486291414
0.8,0.5,0.2,0.5,0.19610384,49925,0.04225313705956166
0.7,0.6,0.1,0.9,0.19610871,49925,0.0409552659980926
0.6,0.5,0.1,0.7,0.19611527,49925,0.041359166587080075
0.6,0.6,0.3,0.5,0.19611922,49925,0.045011850197884964
0.5,0.6,0.2,0.7,0.1961259,49925,0.04400873872336652
0.8,0.7,0.4,0.4,0.19612597,49925,0.04516839067967903
0.1,0.9,0.6,0.2,0.19613542,49925,0.05161219256643563
0.6,0.7,0.4,0.4,0.196143,49925,0.04634770602445501
0.8,0.6,0.3,0.5,0.19615284,49925,0.04385119093815761
0.8,0.7,0.3,0.7,0.19615813,49925,0.04384293074706217
0.7,0.6,0.3,0.5,0.19615889,49925,0.04441532308610355
0.9,0.3,0.1,0.2,0.1961602,49925,0.03766669491085014
0.5,0.8,0.4,0.7,0.19617885,49925,0.046410083366056225
0.2,0.7,0.4,0.4,0.19618407,49925,0.04903750339333047
0.8,0.6,0.1,0.9,0.19618528,49925,0.04052547031535468
0.7,0.7,0.3,0.7,0.19619338,49925,0.044320449803037794
0.6,0.8,0.3,0.9,0.19620427,49925,0.04464336282012748
0.7,0.8,0.4,0.7,0.1962181,49925,0.045427775242727106
0.2,0.7,0.3,0.7,0.1962228,49925,0.0470955879785679
0.8,0.8,0.4,0.7,0.19622776,49925,0.044968679386993844
0.7,0.5,0.1,0.7,0.19622824,49925,0.04082469246113761
0.7,0.2,0.1,0.1,0.19623253,49925,0.037829192821080056
0.3,0.6,0.1,0.9,0.19624181,49925,0.04288457493947939
0.1,0.7,0.4,0.4,0.19624585,49925,0.049807223540858404
0.6,0.8,0.5,0.3,0.19624928,49925,0.047455467475069124
0.6,0.3,0.2,0.1,0.19625811,49925,0.0427901497552165
0.3,0.6,0.2,0.7,0.19626385,49925,0.045184254788539775
0.2,0.6,0.3,0.5,0.1962665,49925,0.04775979978796648
0.6,0.9,0.4,0.9,0.19626755,49925,0.04565522290462737
0.8,0.9,0.6,0.2,0.19627154,49925,0.04723924760650148
0.5,0.7,0.4,0.4,0.19627993,49925,0.04697075765925925
0.9,0.3,0.2,0.1,0.19628042,49925,0.03994685168579361
0.8,0.9,0.4,0.9,0.19629431,49925,0.04482558537937014
0.1,0.8,0.5,0.3,0.1962952,49925,0.05081507994951657
0.7,0.6,0.2,0.7,0.19630884,49925,0.04294293873353284
0.4,0.6,0.2,0.7,0.19631754,49925,0.044570427277117575
0.3,0.7,0.3,0.7,0.19632477,49925,0.046499075659358444
0.9,0.7,0.3,0.7,0.19632784,49925,0.043384032952616454
0.8,0.9,0.5,0.6,0.1963319,49925,0.04598973957606346
0.7,0.4,0.1,0.5,0.19634876,49925,0.040501498888095185
0.9,0.8,0.4,0.7,0.19636256,49925,0.044516503916706765
0.2,0.6,0.2,0.7,0.19636807,49925,0.04582895602285717
0.1,0.7,0.3,0.7,0.19638452,49925,0.04773966720058261
0.9,0.9,0.6,0.2,0.19638504,49925,0.0466963328972304
0.9,0.6,0.3,0.5,0.1963868,49925,0.043321269148522405
0.7,0.9,0.4,0.9,0.19638693,49925,0.04522385012685101
0.2,0.8,0.5,0.3,0.19639237,49925,0.050086766983078145
0.3,0.7,0.4,0.4,0.19639243,49925,0.04832636619543118
0.5,0.7,0.2,0.9,0.19645028,49925,0.043862418933526964
0.2,0.9,0.6,0.2,0.19645041,49925,0.050921021915723126
0.7,0.9,0.6,0.2,0.19645065,49925,0.04779153213901634
0.4,0.8,0.4,0.7,0.19645834,49925,0.04692789621283688
0.2,0.9,0.4,0.9,0.19646275,49925,0.0474754766021767
0.9,0.9,0.4,0.9,0.19646409,49925,0.04442922242472397
0.8,0.5,0.1,0.7,0.19646552,49925,0.04030601019664561
0.9,0.6,0.1,0.9,0.1964697,49925,0.04010318533691781
0.9,0.4,0.2,0.3,0.19648841,49925,0.041117155178208464
0.1,0.7,0.5,0.1,0.1965017,49925,0.05178786743142078
0.3,0.9,0.4,0.9,0.19650826,49925,0.046999683518029474
0.9,0.7,0.5,0.1,0.19651903,49925,0.04568934073409807
0.5,0.8,0.5,0.3,0.19652772,49925,0.04807233368874917
0.3,0.9,0.6,0.2,0.19653,49925,0.05027000500618427
0.5,0.9,0.4,0.9,0.19653597,49925,0.04608611828207955
0.5,0.8,0.3,0.9,0.19654062,49925,0.0450844393167857
0.4,0.9,0.6,0.2,0.19654189,49925,0.04962204629104989
0.7,0.7,0.2,0.9,0.19656527,49925,0.042940505638435426
0.6,0.9,0.6,0.2,0.19658595,49925,0.048366895968745445
0.7,0.9,0.5,0.6,0.19660096,49925,0.04644224662018119
0.8,0.8,0.3,0.9,0.19661252,49925,0.04383362009947694
0.3,0.7,0.2,0.9,0.19661371,49925,0.04484585969810471
0.7,0.8,0.3,0.9,0.1966305,49925,0.044227717397469946
0.8,0.6,0.2,0.7,0.19663724,49925,0.04246050344300278
0.3,0.9,0.5,0.6,0.19665003,49925,0.04845974433013884
0.4,0.8,0.3,0.9,0.19666377,49925,0.04553978839419472
0.5,0.9,0.5,0.6,0.19667667,49925,0.0474189149413132
0.1,0.6,0.2,0.7,0.19668195,49925,0.046501708374643784
0.9,0.9,0.5,0.6,0.19668931,49925,0.04554922276898825
0.9,0.8,0.3,0.9,0.19668992,49925,0.04344284059640252
0.3,0.8,0.5,0.3,0.19671078,49925,0.04938535090007489
0.2,0.7,0.5,0.1,0.1967246,49925,0.050883772949975994
0.2,0.8,0.3,0.9,0.19674122,49925,0.046550354162989624
0.6,0.9,0.5,0.6,0.19674487,49925,0.04691669499534972
0.6,0.3,0.1,0.3,0.19675376,49925,0.040608922893820766
0.6,0.7,0.2,0.9,0.19676667,49925,0.043397852816739274
0.3,0.8,0.4,0.7,0.19676982,49925,0.04746855952779958
0.4,0.9,0.4,0.9,0.1967738,49925,0.046536341667368857
0.9,0.7,0.2,0.9,0.19677415,49925,0.04211102268463903
0.8,0.7,0.5,0.1,0.19679381,49925,0.04632539669673696
0.4,0.7,0.4,0.4,0.196794,49925,0.047626525525343896
0.3,0.8,0.3,0.9,0.19680022,49925,0.04604280977708502
0.2,0.9,0.5,0.6,0.19681141,49925,0.04903019602287381
0.3,0.7,0.5,0.1,0.19681996,49925,0.05003148396301331
0.4,0.7,0.2,0.9,0.19682646,49925,0.04433771927623783
0.7,0.7,0.5,0.1,0.19683537,49925,0.04701073607523676
0.8,0.7,0.2,0.9,0.1968534,49925,0.0425220737833458
0.1,0.9,0.4,0.9,0.19686256,49925,0.04798138722296622
0.1,0.6,0.3,0.5,0.19687212,49925,0.04856527310026443
0.4,0.9,0.5,0.6,0.19687547,49925,0.04794020794231813
0.9,0.5,0.1,0.7,0.19687812,49925,0.03982009693048708
0.5,0.9,0.6,0.2,0.19691394,49925,0.04898744252814379
0.9,0.6,0.2,0.7,0.1969227,49925,0.042003767334576406
0.2,0.7,0.2,0.9,0.19692948,49925,0.045362497981328
0.5,0.3,0.2,0.1,0.19694424,49925,0.04394042561501763
0.2,0.8,0.4,0.7,0.19694585,49925,0.048053411023450135
0.4,0.8,0.5,0.3,0.19695184,49925,0.048714079500665794
0.8,0.5,0.3,0.3,0.1969531,49925,0.04374742239920775
0.1,0.8,0.6,0.1,0.1969777,49925,0.0519840155217181
0.9,0.6,0.4,0.2,0.19699985,49925,0.04457273494896322
0.9,0.5,0.2,0.5,0.19700271,49925,0.04170030565372876
0.2,0.6,0.1,0.9,0.19701517,49925,0.04338073321721034
0.1,0.9,0.5,0.6,0.19702959,49925,0.04958083588659559
0.7,0.5,0.3,0.3,0.19704716,49925,0.04443004207574577
0.2,0.8,0.6,0.1,0.19707677,49925,0.05121707076845454
0.4,0.7,0.5,0.1,0.19708505,49925,0.04923413889525539
0.4,0.3,0.2,0.1,0.19708957,49925,0.045222811559346814
0.8,0.6,0.4,0.2,0.19708957,49925,0.045222811559346814
0.1,0.6,0.4,0.2,0.19709793,49925,0.050825236816960995
0.5,0.6,0.4,0.2,0.19710472,49925,0.047391694615798306
0.1,0.5,0.1,0.7,0.1971113,49925,0.044517116659961976
0.9,0.5,0.3,0.3,0.19714347,49925,0.043112762386680076
0.9,0.7,0.4,0.5,0.19716164,49925,0.04457535445335253
0.9,0.8,0.5,0.4,0.19718084,49925,0.045679326802732796
0.1,0.9,0.7,0.1,0.19718318,49925,0.052135814067408984
0.1,0.9,0.6,0.3,0.19720131,49925,0.05114004675535942
0.7,0.9,0.6,0.3,0.19721252,49925,0.047654980067393375
0.8,0.4,0.1,0.5,0.19722217,49925,0.039894769002018306
0.6,0.8,0.5,0.4,0.19724818,49925,0.04724976767492803
0.6,0.7,0.5,0.1,0.19725922,49925,0.04771386856190067
0.2,0.9,0.6,0.3,0.19727848,49925,0.05052332425428461
0.1,0.3,0.2,0.1,0.19728608,49925,0.049895224873441765
0.3,0.9,0.6,0.3,0.19728608,49925,0.04989522487344177
0.2,0.6,0.4,0.2,0.19728608,49925,0.049895224873441765
0.8,0.9,0.6,0.3,0.19729233,49925,0.047127539687744635
0.6,0.5,0.3,0.3,0.19731893,49925,0.045129169240612374
0.1,0.8,0.3,0.9,0.19733001,49925,0.047078423834806316
0.7,0.6,0.4,0.2,0.19733049,49925,0.045886200050618074
0.1,0.8,0.4,0.7,0.19733411,49925,0.04863375444116321
0.5,0.4,0.2,0.4,0.1973441,49925,0.04400779425960852
0.5,0.9,0.5,0.7,0.19736405,49925,0.04719505275179442
0.5,0.9,0.6,0.3,0.19737107,49925,0.04873783890898133
0.7,0.7,0.4,0.5,0.19737305,49925,0.04559369350758686
0.8,0.8,0.5,0.4,0.19737531,49925,0.04617123861697436
0.7,0.3,0.1,0.3,0.197379,49925,0.039788610282537544
0.2,0.9,0.7,0.1,0.19738388,49925,0.051458634196481744
0.1,0.7,0.2,0.9,0.197384,49925,0.0458827216253375
0.5,0.8,0.4,0.8,0.19738603,49925,0.046169756474490155
0.1,0.8,0.5,0.4,0.19739638,49925,0.05031589884631306
0.7,0.8,0.5,0.4,0.19740024,49925,0.04672124150885057
0.4,0.6,0.3,0.6,0.19740692,49925,0.04601543084160166
0.8,0.6,0.3,0.6,0.19741075,49925,0.043750496755092634
0.3,0.3,0.2,0.1,0.19741486,49925,0.046628158005085935
0.9,0.9,0.6,0.3,0.19741486,49925,0.046628158005085935
0.6,0.6,0.4,0.2,0.19741486,49925,0.046628158005085935
0.1,0.5,0.3,0.3,0.19741635,49925,0.04950203649466646
0.4,0.5,0.3,0.3,0.19742091,49925,0.046728207672927256
0.6,0.7,0.4,0.5,0.19744706,49925,0.04614432180204758
0.3,0.8,0.6,0.1,0.19745745,49925,0.05049655242341789
0.5,0.5,0.3,0.3,0.19745855,49925,0.04590966977722281
0.5,0.8,0.5,0.4,0.19748162,49925,0.04780262937783383
0.8,0.2,0.1,0.1,0.19748543,49925,0.036904998660828754
0.6,0.9,0.5,0.7,0.19749042,49925,0.04673214157004698
0.2,0.5,0.3,0.3,0.19750424,49925,0.04851125569112334
0.9,0.9,0.5,0.7,0.1975069,49925,0.04544286204482814
0.2,0.8,0.5,0.4,0.19751592,49925,0.04966501904155206
0.5,0.7,0.5,0.1,0.19752151,49925,0.04844928705540511
0.8,0.9,0.5,0.7,0.19754481,49925,0.04585832734267963
0.6,0.9,0.6,0.3,0.19754526,49925,0.048175623116154004
0.2,0.3,0.2,0.1,0.19754526,49925,0.048175623116154004
0.4,0.6,0.4,0.2,0.19754526,49925,0.048175623116154004
0.8,0.7,0.4,0.5,0.19754739,49925,0.045060666328767575
0.5,0.6,0.3,0.6,0.1975506,49925,0.045392550326273935
0.7,0.6,0.3,0.6,0.19758685,49925,0.04427536853821255
0.3,0.7,0.4,0.5,0.1975874,49925,0.04795704042319394
0.9,0.8,0.4,0.8,0.19759294,49925,0.04440956743717098
0.7,0.9,0.5,0.7,0.19759995,49925,0.046286750166947235
0.4,0.9,0.6,0.3,0.19760486,49925,0.04932155876053212
0.3,0.4,0.2,0.4,0.19760494,49925,0.045703369502620335
0.6,0.8,0.4,0.8,0.19760494,49925,0.045703369502620335
0.1,0.6,0.1,0.9,0.19760825,49925,0.04394021858146326
0.3,0.6,0.4,0.2,0.1976106,49925,0.04903085862726365
0.6,0.6,0.3,0.6,0.19761318,49925,0.044823213507937845
0.2,0.2,0.1,0.2,0.19761318,49925,0.04482321350793785
0.8,0.8,0.4,0.8,0.19761318,49925,0.04482321350793785
0.4,0.4,0.2,0.4,0.19761318,49925,0.04482321350793785
0.3,0.9,0.7,0.1,0.1976153,49925,0.05081698136420487
0.6,0.4,0.2,0.4,0.1976269,49925,0.0432594144254003
0.3,0.2,0.1,0.2,0.1976269,49925,0.0432594144254003
0.9,0.6,0.3,0.6,0.1976269,49925,0.0432594144254003
0.4,0.7,0.4,0.5,0.19762768,49925,0.047343781719330943
0.7,0.6,0.2,0.8,0.19764209,49925,0.042841988628222236
0.5,0.7,0.3,0.8,0.19764552,49925,0.0451316750078403
0.8,0.3,0.1,0.3,0.19764614,49925,0.03902184604496952
0.2,0.7,0.4,0.5,0.19765829,49925,0.048622312116010945
0.2,0.7,0.5,0.2,0.19765964,49925,0.050431433111538804
0.1,0.7,0.5,0.2,0.19766238,49925,0.051224566623659123
0.4,0.7,0.3,0.8,0.19770077,49925,0.0456357739780534
0.4,0.5,0.1,0.8,0.19770108,49925,0.042274094658682176
0.3,0.9,0.5,0.7,0.19770774,49925,0.048177659563231404
0.9,0.4,0.1,0.5,0.19771601,49925,0.03932209316655179
0.1,0.7,0.4,0.5,0.19773795,49925,0.049307387260929876
0.5,0.7,0.4,0.5,0.1977438,49925,0.04672156858458196
0.5,0.5,0.1,0.8,0.19774657,49925,0.04174010429589119
0.3,0.5,0.3,0.3,0.19775085,49925,0.04759705269459502
0.4,0.8,0.5,0.4,0.19776368,49925,0.048412781362037215
0.4,0.9,0.5,0.7,0.19777377,49925,0.04767467243879269
0.6,0.5,0.2,0.6,0.197785,49925,0.043336709307953414
0.4,0.5,0.2,0.6,0.19779491,49925,0.044549961743528835
0.7,0.8,0.4,0.8,0.19779566,49925,0.04524466833745373
0.4,0.8,0.6,0.1,0.19780718,49925,0.04978238108473038
0.5,0.5,0.2,0.6,0.19782771,49925,0.0439238740707762
0.6,0.7,0.3,0.8,0.1978352,49925,0.044649884061514336
0.3,0.8,0.5,0.4,0.19784434,49925,0.04902537945236268
0.6,0.5,0.1,0.8,0.19784635,49925,0.04124898177367728
0.1,0.8,0.6,0.2,0.1978478,49925,0.05147720503485765
0.6,0.6,0.2,0.8,0.19787896,49925,0.043313566491218196
0.3,0.3,0.1,0.4,0.19787896,49925,0.043313566491218196
0.3,0.5,0.1,0.8,0.19789039,49925,0.042842271808681116
0.5,0.8,0.6,0.1,0.19789132,49925,0.0491045000078705
0.9,0.7,0.3,0.8,0.19790405,49925,0.04331937140441295
0.1,0.9,0.7,0.2,0.19790797,49925,0.05164989272298823
0.3,0.5,0.2,0.6,0.1979123,49925,0.04522795050631273
0.4,0.8,0.4,0.8,0.19791329,49925,0.046671261049676505
0.2,0.4,0.2,0.4,0.19791329,49925,0.046671261049676505
0.1,0.2,0.1,0.2,0.19791329,49925,0.046671261049676505
0.3,0.6,0.3,0.6,0.19791329,49925,0.046671261049676505
0.7,0.7,0.3,0.8,0.19792311,49925,0.04419312838226634
0.2,0.9,0.6,0.4,0.19793275,49925,0.05009780629076322
0.7,0.5,0.2,0.6,0.1979333,49925,0.042783135383651784
0.4,0.9,0.7,0.1,0.1979428,49925,0.050192631949550426
0.3,0.4,0.1,0.6,0.19794393,49925,0.043092312686114645
0.2,0.5,0.2,0.6,0.19795223,49925,0.045947391495896696
0.3,0.7,0.3,0.8,0.19796173,49925,0.046153734144506804
0.2,0.9,0.5,0.7,0.1979887,49925,0.0486826172780024
0.8,0.6,0.2,0.8,0.19800487,49925,0.042376478660680436
0.4,0.3,0.1,0.4,0.19800487,49925,0.042376478660680436
0.8,0.7,0.3,0.8,0.19801971,49925,0.043740678365132825
0.4,0.4,0.1,0.6,0.19806316,49925,0.042403698576992055
0.1,0.9,0.6,0.4,0.19806509,49925,0.05068068928495395
0.7,0.8,0.6,0.1,0.19808272,49925,0.047842777028283906
0.6,0.4,0.1,0.6,0.19808681,49925,0.041114574642521724
0.7,0.4,0.2,0.4,0.19809476,49925,0.042572571703362524
0.8,0.8,0.6,0.1,0.19809695,49925,0.04723337085802619
0.3,0.8,0.4,0.8,0.19812335,49925,0.0471731821740042
0.3,0.9,0.6,0.4,0.19812782,49925,0.04952527984855297
0.2,0.7,0.3,0.8,0.19813752,49925,0.0467046070289211
0.1,0.9,0.5,0.7,0.19814472,49925,0.04920445777800101
0.8,0.5,0.2,0.6,0.19814657,49925,0.042244604556540125
0.4,0.6,0.2,0.8,0.19815251,49925,0.04430962887941949
0.2,0.3,0.1,0.4,0.19815251,49925,0.04430962887941949
0.9,0.9,0.6,0.4,0.19815706,49925,0.04647986043218681
0.5,0.4,0.1,0.6,0.19816259,49925,0.04175063785932526
0.1,0.9,0.8,0.1,0.19817075,49925,0.0519519140447416
0.8,0.9,0.6,0.4,0.19817361,49925,0.04695205098085031
0.1,0.4,0.3,0.1,0.1981852,49925,0.05079600189637226
0.2,0.8,0.6,0.2,0.1981852,49925,0.05079600189637226
0.7,0.5,0.1,0.8,0.19819812,49925,0.040761845606374636
0.5,0.6,0.2,0.8,0.19820794,49925,0.043802695408987055
0.9,0.8,0.6,0.1,0.19822675,49925,0.04664943981534159
0.4,0.9,0.6,0.4,0.19822682,49925,0.0489633319039267
0.5,0.9,0.7,0.1,0.19822997,49925,0.04957530248277414
0.9,0.6,0.2,0.8,0.19823131,49925,0.04195879691874428
0.5,0.7,0.4,0.6,0.19824973,49925,0.04649522770003463
0.6,0.8,0.6,0.1,0.1982569,49925,0.048458447676411706
0.8,0.5,0.1,0.8,0.19826391,49925,0.04028539087269502
0.6,0.9,0.5,0.8,0.1982658,49925,0.04654288789920646
0.6,0.7,0.5,0.2,0.1983028,49925,0.04759152347885068
0.3,0.7,0.5,0.2,0.19831091,49925,0.049693415834033736
0.3,0.6,0.2,0.8,0.19831489,49925,0.04486840642045704
0.7,0.9,0.6,0.4,0.19833381,49925,0.04742925555678643
0.6,0.9,0.6,0.4,0.1983385,49925,0.04793540218455767
0.5,0.9,0.6,0.4,0.19835687,49925,0.04844236702896219
0.7,0.9,0.5,0.8,0.19836417,49925,0.04612217458780524
0.2,0.6,0.3,0.6,0.19836593,49925,0.047342176393469805
0.2,0.4,0.1,0.6,0.19837847,49925,0.04384411174112326
0.3,0.8,0.6,0.2,0.19838129,49925,0.05015029691475043
0.2,0.9,0.7,0.2,0.1983844,49925,0.0510577179604693
0.1,0.6,0.4,0.3,0.1984022,49925,0.05018030784746102
0.1,0.8,0.7,0.1,0.19840655,49925,0.05184670331102941
0.9,0.9,0.5,0.8,0.19841176,49925,0.04531853716229002
0.5,0.9,0.5,0.8,0.19842258,49925,0.04697654632326688
0.9,0.8,0.5,0.5,0.19842997,49925,0.04555176499129667
0.1,0.5,0.4,0.1,0.1984418,49925,0.05124752933340088
0.9,0.4,0.3,0.1,0.19844615,49925,0.04257022060408817
0.8,0.9,0.5,0.8,0.19845374,49925,0.04570316798188892
0.2,0.8,0.5,0.5,0.19845599,49925,0.0492348024254188
0.1,0.7,0.3,0.8,0.19846767,49925,0.047269740571537294
0.3,0.9,0.7,0.2,0.19847162,49925,0.05048480968220114
0.8,0.8,0.5,0.5,0.19847757,49925,0.04601674410386262
0.1,0.7,0.6,0.1,0.19849108,49925,0.05170586896031298
0.2,0.8,0.4,0.8,0.1984914,49925,0.04769897659328891
0.1,0.4,0.2,0.4,0.1984914,49925,0.04769897659328891
0.1,0.8,0.5,0.5,0.19850335,49925,0.04984792988444897
0.1,0.9,0.8,0.2,0.1985074,49925,0.05139255786319926
0.1,0.6,0.5,0.1,0.1985081,49925,0.05152927887811442
0.4,0.2,0.1,0.2,0.19851449,49925,0.041925012071769435
0.8,0.4,0.2,0.4,0.19851449,49925,0.041925012071769435
0.1,0.6,0.3,0.6,0.19852991,49925,0.04805331893176174
0.6,0.6,0.4,0.3,0.19854721,49925,0.046405500531077754
0.9,0.5,0.2,0.6,0.19854802,49925,0.041740650975734914
0.7,0.6,0.4,0.3,0.19855036,49925,0.04576413231907668
0.4,0.7,0.5,0.2,0.1985514,49925,0.04897201423146033
0.3,0.8,0.5,0.5,0.19856034,49925,0.048648154138770265
0.9,0.5,0.1,0.8,0.19857979,49925,0.03983549149683122
0.9,0.3,0.1,0.3,0.19858278,49925,0.038328000777761995
0.8,0.7,0.5,0.2,0.19858952,49925,0.04633768023789438
0.2,0.5,0.1,0.8,0.19859007,49925,0.04343059691997007
0.9,0.7,0.4,0.6,0.19859493,49925,0.044486929742838424
0.5,0.8,0.5,0.5,0.19859819,49925,0.047559276310604075
0.9,0.2,0.1,0.1,0.19859838,49925,0.03608239668893119
0.8,0.5,0.3,0.4,0.198602,49925,0.04370872326191215
0.7,0.4,0.1,0.6,0.19860384,49925,0.0405250826646095
0.1,0.8,0.6,0.3,0.1986085,49925,0.05089960291799658
0.4,0.8,0.5,0.5,0.19861782,49925,0.04808864625898558
0.7,0.5,0.3,0.4,0.19862518,49925,0.0443106501159287
0.1,0.9,0.7,0.3,0.1986267,49925,0.05113682561633633
0.1,0.8,0.7,0.2,0.1986457,49925,0.051252593597668684
0.9,0.7,0.5,0.2,0.19864783,49925,0.04573568897695434
0.4,0.6,0.4,0.3,0.19865197,49925,0.047813512707649206
0.1,0.3,0.1,0.4,0.19865371,49925,0.04544021326937578
0.2,0.6,0.2,0.8,0.19865371,49925,0.04544021326937578
0.1,0.8,0.4,0.8,0.19865522,49925,0.04823746836902539
0.7,0.8,0.5,0.5,0.19865935,49925,0.04650464661364146
0.9,0.6,0.4,0.3,0.19866937,49925,0.044571438294536796
0.4,0.7,0.4,0.6,0.19867098,49925,0.04705032527950883
0.1,0.5,0.2,0.6,0.19868407,49925,0.04670259597411523
0.5,0.7,0.5,0.2,0.19868657,49925,0.048278365275011635
0.7,0.9,0.7,0.1,0.19869223,49925,0.04844891443405928
0.2,0.6,0.4,0.3,0.19870076,49925,0.04934929033472206
0.2,0.9,0.7,0.3,0.19870313,49925,0.05058319455388699
0.5,0.6,0.4,0.3,0.19870621,49925,0.04708580916601305
0.7,0.7,0.5,0.2,0.19873741,49925,0.046944315617050064
0.8,0.4,0.1,0.6,0.1987385,49925,0.03997559582505512
0.6,0.8,0.5,0.5,0.19874501,49925,0.04702164416071435
0.9,0.4,0.2,0.4,0.1987492,49925,0.041307146343839286
0.4,0.9,0.5,0.8,0.19875719,49925,0.0474199448569032
0.6,0.9,0.7,0.1,0.19875748,49925,0.04900368758842091
0.1,0.7,0.5,0.3,0.19875963,49925,0.05061447204789112
0.8,0.7,0.4,0.6,0.19875991,49925,0.04495954089529937
0.1,0.9,0.6,0.5,0.19876193,49925,0.05024433656162828
0.6,0.5,0.3,0.4,0.19878912,49925,0.04496417487699728
0.2,0.4,0.3,0.1,0.19879681,49925,0.04950939313009586
0.4,0.8,0.6,0.2,0.19879681,49925,0.04950939313009586
0.8,0.6,0.4,0.3,0.19879918,49925,0.04514965530888478
0.8,0.3,0.2,0.2,0.19880176,49925,0.04130210013705167
0.8,0.4,0.3,0.1,0.19881591,49925,0.043354657769295944
0.3,0.6,0.4,0.3,0.19882144,49925,0.048564484780059695
0.9,0.5,0.3,0.4,0.19882677,49925,0.0431309133243409
0.5,0.2,0.1,0.2,0.19884184,49925,0.04073715681387078
0.3,0.7,0.4,0.6,0.1988694,49925,0.04763464267246627
0.1,0.7,0.6,0.2,0.19887039,49925,0.05106293390560487
0.2,0.9,0.8,0.1,0.19887377,49925,0.05136384935310254
0.4,0.9,0.7,0.2,0.19887553,49925,0.0499225455315756
0.1,0.9,0.9,0.2,0.19888158,49925,0.05107111309399944
0.3,0.5,0.3,0.4,0.19889593,49925,0.047173275655801684
0.9,0.8,0.4,0.9,0.1989075,49925,0.044276592406018174
0.1,0.6,0.2,0.8,0.19890995,49925,0.04602212019722947
0.5,0.3,0.1,0.4,0.19891255,49925,0.041547237102635505
0.6,0.7,0.4,0.6,0.19892175,49925,0.04595820046904865
0.9,0.6,0.3,0.7,0.19892709,49925,0.043177952443093616
0.8,0.9,0.7,0.1,0.1989455,49925,0.047915011839789766
0.8,0.7,0.4,0.7,0.19894658,49925,0.044808045498149526
0.2,0.7,0.6,0.1,0.19894893,49925,0.05097490835117334
0.3,0.9,0.6,0.5,0.19895193,49925,0.049168099241938885
0.2,0.8,0.7,0.1,0.19895515,49925,0.05119499217978383
0.5,0.8,0.4,0.9,0.19895607,49925,0.045930319684675994
0.3,0.8,0.6,0.3,0.19896129,49925,0.04970277655131154
0.9,0.9,0.6,0.5,0.19896665,49925,0.046331512356297934
0.3,0.9,0.5,0.8,0.19897234,49925,0.04787738735935142
0.2,0.8,0.6,0.3,0.19897261,49925,0.05028068058284737
0.2,0.5,0.4,0.1,0.19898602,49925,0.05023208918436408
0.7,0.7,0.4,0.6,0.19898885,49925,0.04544366158635108
0.8,0.6,0.3,0.7,0.1990061,49925,0.0436337758311553
0.6,0.8,0.4,0.9,0.19901179,49925,0.045494229875695576
0.1,0.8,0.8,0.2,0.1990282,49925,0.050879430028101066
0.7,0.9,0.6,0.5,0.19903,49925,0.047225330294153545
0.2,0.6,0.5,0.1,0.19903004,49925,0.050679064400736114
0.2,0.9,0.5,0.8,0.19903105,49925,0.048363150076934355
0.1,0.9,0.9,0.1,0.19903797,49925,0.05160548716047978
0.7,0.3,0.2,0.2,0.1990442,49925,0.042115237255726
0.2,0.7,0.4,0.6,0.19904757,49925,0.04822283814538429
0.9,0.9,0.5,0.9,0.19905412,49925,0.045173406841503054
0.5,0.9,0.6,0.5,0.19905648,49925,0.04817470318460736
0.8,0.9,0.5,0.9,0.19907707,49925,0.045533901968165445
0.2,0.7,0.5,0.3,0.19907953,49925,0.049896258145314204
0.3,0.7,0.5,0.3,0.1990799,49925,0.04923726871942072
0.4,0.8,0.4,0.9,0.19909011,49925,0.046378575193055174
0.4,0.6,0.3,0.7,0.19909383,49925,0.045708657623384094
0.8,0.9,0.6,0.5,0.19910261,49925,0.04676304496803061
0.1,0.8,0.8,0.1,0.19910282,49925,0.05147174909053355
0.5,0.8,0.6,0.2,0.19912803,49925,0.048890189897748626
0.3,0.9,0.7,0.3,0.1991348,49925,0.050068403498367595
0.7,0.8,0.4,0.9,0.19913886,49925,0.045081669567635096
0.1,0.6,0.5,0.2,0.19914572,49925,0.05079489254399288
0.2,0.5,0.3,0.4,0.199162,49925,0.04799022916791781
0.9,0.9,0.7,0.1,0.19916345,49925,0.04737910278254366
0.1,0.5,0.4,0.2,0.1991712,49925,0.05041628067115669
0.2,0.9,0.8,0.2,0.19918022,49925,0.05088461874973035
0.9,0.4,0.1,0.6,0.19919035,49925,0.039462025815717984
0.7,0.4,0.3,0.1,0.19919181,49925,0.044216487477177796
0.6,0.7,0.3,0.9,0.19919448,49925,0.04444200412652204
0.9,0.3,0.2,0.2,0.19920097,49925,0.04054617813090189
0.8,0.8,0.4,0.9,0.19921134,49925,0.044672875502666964
0.7,0.7,0.3,0.9,0.19921894,49925,0.04400900133107627
0.5,0.9,0.7,0.2,0.1992387,49925,0.04936174584941623
0.6,0.3,0.2,0.2,0.1992467,49925,0.04300162036935024
0.1,0.9,0.8,0.3,0.19926462,49925,0.05091607922749317
0.9,0.8,0.5,0.6,0.19926593,49925,0.04541785903650101
0.8,0.7,0.3,0.9,0.19926603,49925,0.04361099036775032
0.6,0.9,0.6,0.5,0.19926804,49925,0.047693442805450785
0.6,0.3,0.1,0.4,0.19928443,49925,0.040751567034938145
0.1,0.8,0.7,0.3,0.19928458,49925,0.050715821297418626
0.4,0.9,0.6,0.5,0.19929959,49925,0.048657787689305246
0.1,0.7,0.7,0.1,0.19930021,49925,0.05130531515750092
0.3,0.8,0.4,0.9,0.1993014,49925,0.04683625183673903
0.1,0.7,0.7,0.2,0.1993075,49925,0.0506503243310639
0.6,0.8,0.6,0.2,0.19931781,49925,0.048302654216319345
0.3,0.4,0.3,0.1,0.19931781,49925,0.048302654216319345
0.2,0.9,0.6,0.5,0.19932291,49925,0.049696382091157384
0.7,0.6,0.3,0.7,0.19933276,49925,0.04411498539295387
0.1,0.4,0.1,0.6,0.1993349,49925,0.0446271816799489
0.4,0.9,0.7,0.3,0.1993411,49925,0.049565453262014614
0.1,0.6,0.6,0.1,0.19935733,49925,0.05108908456986705
0.5,0.7,0.3,0.9,0.19935864,49925,0.04490252940446691
0.1,0.9,0.7,0.4,0.19935897,49925,0.05066216980719827
0.1,0.5,0.3,0.4,0.19936016,49925,0.048855210836960726
0.2,0.8,0.7,0.2,0.19936095,49925,0.05069259936567963
0.9,0.7,0.3,0.9,0.19936445,49925,0.04322719372445026
0.2,0.9,0.7,0.4,0.19936782,49925,0.05016599861623117
0.1,0.5,0.5,0.1,0.19937043,49925,0.050785973726915776
0.7,0.9,0.5,0.9,0.1993726,49925,0.04593823845682854
0.3,0.9,0.8,0.1,0.19937606,49925,0.050792806508417505
0.4,0.7,0.5,0.3,0.1993783,49925,0.04859043280884453
0.2,0.9,0.9,0.1,0.19939785,49925,0.05106500967055391
0.2,0.9,0.8,0.3,0.19941004,49925,0.05043413459578268
0.2,0.8,0.8,0.1,0.1994179,49925,0.05088306439372024
0.9,0.7,0.4,0.7,0.19941854,49925,0.04436533691758116
0.4,0.8,0.6,0.3,0.19943865,49925,0.04913405727798968
0.6,0.4,0.3,0.1,0.19945101,49925,0.045142535177919746
0.2,0.7,0.6,0.2,0.19945502,49925,0.05042821671052271
0.9,0.8,0.6,0.2,0.19945559,49925,0.04663441914968955
0.1,0.7,0.4,0.6,0.19946074,49925,0.048850074485851255
0.1,0.5,0.1,0.8,0.19946904,49925,0.044018930961130465
0.5,0.4,0.3,0.1,0.19947077,49925,0.046109554330224276
0.3,0.7,0.6,0.1,0.19948466,49925,0.0502737329926658
0.6,0.5,0.2,0.7,0.19948506,49925,0.043162549682156715
0.7,0.3,0.1,0.4,0.19950467,49925,0.040037947022660655
0.6,0.2,0.1,0.2,0.1995082,49925,0.039687748696394506
0.5,0.5,0.3,0.4,0.1995095,49925,0.045665657757355003
0.4,0.5,0.3,0.4,0.19951764,49925,0.04639670055799005
0.5,0.8,0.5,0.6,0.19951807,49925,0.047286696192831754
0.5,0.6,0.3,0.7,0.19952081,49925,0.04515084889973326
0.9,0.7,0.5,0.3,0.19952242,49925,0.04564964734608604
0.5,0.5,0.2,0.7,0.1995235,49925,0.043688093615614376
0.1,0.9,0.5,0.8,0.19953468,49925,0.0488420773949153
0.1,0.9,0.9,0.3,0.19955677,49925,0.05055654396379379
0.6,0.9,0.5,0.9,0.19956683,49925,0.046333444539976266
0.2,0.8,0.7,0.3,0.19957997,49925,0.05018451787152875
0.2,0.9,0.9,0.2,0.19958825,49925,0.05058689386063081
0.4,0.7,0.3,0.9,0.19958867,49925,0.04534535510994101
0.6,0.6,0.3,0.7,0.19959229,49925,0.044621508364651764
0.7,0.7,0.5,0.3,0.19959353,49925,0.04674671549548048
0.8,0.7,0.5,0.3,0.19959691,49925,0.046185819560769587
0.2,0.8,0.5,0.6,0.1996004,49925,0.048854717062253
0.6,0.7,0.5,0.3,0.19960545,49925,0.04734287866075666
0.3,0.6,0.5,0.1,0.19960596,49925,0.049858777365324944
0.3,0.8,0.5,0.6,0.19961254,49925,0.048302264448464166
0.3,0.8,0.7,0.1,0.19961947,49925,0.050571803124680625
0.5,0.7,0.5,0.3,0.1996209,49925,0.04795191427649146
0.3,0.6,0.3,0.7,0.1996212,49925,0.046284509743207004
0.3,0.9,0.8,0.2,0.19962505,49925,0.05041089910062314
0.6,0.9,0.7,0.2,0.19962612,49925,0.04882849821139564
0.3,0.9,0.7,0.4,0.19962843,49925,0.04967770484739133
0.5,0.3,0.2,0.2,0.19962928,49925,0.043967229055101566
0.3,0.5,0.4,0.1,0.19963309,49925,0.04923579224891895
0.7,0.5,0.2,0.7,0.1996331,49925,0.042655863330115715
0.7,0.7,0.4,0.7,0.19964892,49925,0.04525986429581833
0.4,0.8,0.5,0.6,0.19965263,49925,0.04778009883262708
0.1,0.8,0.6,0.4,0.19965297,49925,0.05040814702302331
0.8,0.8,0.5,0.6,0.1996638,49925,0.0458479647282298
0.2,0.6,0.5,0.2,0.19966885,49925,0.05005001957886012
0.2,0.8,0.4,0.9,0.1996766,49925,0.0473252800101518
0.1,0.8,0.9,0.1,0.19968884,49925,0.05102042970469638
0.2,0.6,0.3,0.7,0.1997019,49925,0.046888550211696946
0.1,0.8,0.5,0.6,0.19970363,49925,0.04940867284464071
0.7,0.8,0.6,0.2,0.19970867,49925,0.047721825227987485
0.7,0.8,0.5,0.6,0.19971517,49925,0.04631413931480582
0.7,0.4,0.2,0.5,0.19971533,49925,0.042526455645653376
0.4,0.9,0.8,0.1,0.19971904,49925,0.0502642309737837
0.5,0.9,0.5,0.9,0.19972545,49925,0.046755377373216965
0.6,0.8,0.5,0.6,0.19972599,49925,0.046796455338294164
0.1,0.6,0.6,0.2,0.19973212,49925,0.05033434608419961
0.1,0.7,0.6,0.3,0.19974326,49925,0.05047205341480847
0.2,0.7,0.7,0.1,0.1997714,49925,0.05065061055782943
0.3,0.9,0.9,0.1,0.19977173,49925,0.05056288053488525
0.1,0.8,0.9,0.2,0.19977188,49925,0.05043841009522172
0.5,0.5,0.1,0.9,0.19977543,49925,0.041539374911751165
0.5,0.9,0.7,0.3,0.19977695,49925,0.04906362275629649
0.6,0.5,0.1,0.9,0.19977847,49925,0.04107238531512026
0.8,0.6,0.2,0.9,0.1997869,49925,0.0422731969248639
0.2,0.9,0.6,0.6,0.19978899,49925,0.049332147220059616
0.6,0.4,0.2,0.5,0.19979955,49925,0.0431311400498916
0.9,0.6,0.2,0.9,0.1998031,49925,0.04187156620260413
0.8,0.5,0.2,0.7,0.1998196,49925,0.04216810494651642
0.7,0.6,0.2,0.9,0.19982016,49925,0.04268618203342006
0.1,0.7,0.8,0.1,0.19982286,49925,0.05076990197890448
0.6,0.7,0.4,0.7,0.19982931,49925,0.04574093253623114
0.4,0.4,0.3,0.1,0.1998378,49925,0.04715895957222276
0.8,0.8,0.6,0.2,0.1998378,49925,0.04715895957222276
0.1,0.8,0.8,0.3,0.19983888,49925,0.05031977369502803
0.5,0.7,0.4,0.7,0.19984183,49925,0.04624586727918807
0.4,0.3,0.2,0.2,0.199845,49925,0.045024882904229374
0.8,0.6,0.4,0.4,0.199845,49925,0.045024882904229374
0.1,0.7,0.5,0.4,0.19984879,49925,0.05005268421833947
0.9,0.6,0.4,0.4,0.19985269,49925,0.044482299662490454
0.5,0.8,0.6,0.3,0.19985326,49925,0.04859037686946278
0.1,0.4,0.3,0.2,0.19985506,49925,0.049841670675761965
0.2,0.8,0.6,0.4,0.19985506,49925,0.049841670675761965
0.7,0.6,0.4,0.4,0.19985792,49925,0.04558580269123074
0.1,0.6,0.4,0.4,0.19985911,49925,0.049580915981830766
0.8,0.5,0.3,0.5,0.19987163,49925,0.04361959085517494
0.1,0.9,0.6,0.6,0.19990027,49925,0.049821342525933336
0.1,0.9,0.8,0.4,0.19990663,49925,0.05045253553283593
0.7,0.5,0.1,0.9,0.19990999,49925,0.04064223645256423
0.1,0.4,0.4,0.1,0.1999125,49925,0.05035871721759887
0.2,0.8,0.8,0.2,0.1999125,49925,0.05035871721759887
0.3,0.4,0.2,0.5,0.19991332,49925,0.04528336298771555
0.4,0.6,0.2,0.9,0.19991824,49925,0.044041685287552625
0.8,0.9,0.6,0.6,0.19992289,49925,0.046589963596350745
0.5,0.4,0.2,0.5,0.19992581,49925,0.043803915543945096
0.3,0.8,0.7,0.2,0.19993094,49925,0.05013124774330578
0.7,0.9,0.6,0.6,0.19993554,49925,0.04702182233934417
0.7,0.9,0.7,0.2,0.19994567,49925,0.048318074939135564
0.6,0.8,0.6,0.3,0.19995078,49925,0.048048105078791044
0.2,0.6,0.4,0.4,0.199958,49925,0.04882146446110664
0.3,0.9,0.6,0.6,0.199958,49925,0.04882146446110664
0.1,0.3,0.2,0.2,0.199958,49925,0.04882146446110664
0.4,0.4,0.2,0.5,0.19995968,49925,0.044509815240655864
0.9,0.5,0.3,0.5,0.19996834,49925,0.043086073946121205
0.3,0.7,0.3,0.9,0.19997464,49925,0.04583776941576644
0.2,0.5,0.4,0.2,0.19997825,49925,0.04953599634871665
0.4,0.5,0.2,0.7,0.19998707,49925,0.0442719124722455
0.4,0.8,0.7,0.1,0.19999744,49925,0.049956690441228524
0.8,0.3,0.1,0.4,0.19999914,49925,0.0393573992252746
0.2,0.7,0.5,0.4,0.20001304,49925,0.04942849877568955
0.3,0.8,0.6,0.4,0.20001727,49925,0.049291697086898796
0.6,0.9,0.6,0.6,0.20002055,49925,0.04745726280500859
0.2,0.3,0.2,0.2,0.20002055,49925,0.04745726280500859
0.4,0.6,0.4,0.4,0.20002055,49925,0.04745726280500859
0.2,0.9,0.9,0.3,0.20002706,49925,0.0501261611450299
0.4,0.9,0.6,0.6,0.20004123,49925,0.04834170422111127
0.9,0.5,0.2,0.7,0.2000435,49925,0.04172527409061882
0.2,0.7,0.6,0.3,0.20005181,49925,0.049878277096368884
0.4,0.5,0.1,0.9,0.20005345,49925,0.042012799789386955
0.2,0.6,0.6,0.1,0.20005481,49925,0.050347633806466514
0.3,0.9,0.8,0.3,0.20005816,49925,0.04996927170745547
0.6,0.6,0.2,0.9,0.20007876,49925,0.04312630235395247
0.2,0.7,0.3,0.9,0.20007962,49925,0.046320871479956206
0.5,0.9,0.6,0.6,0.20008682,49925,0.04789885058365497
0.2,0.9,0.8,0.4,0.20009567,49925,0.05001082763745643
0.4,0.7,0.6,0.1,0.20009698,49925,0.0495809304458614
0.1,0.6,0.5,0.3,0.20010224,49925,0.05015521260605857
0.3,0.6,0.2,0.9,0.20010632,49925,0.044527047443543646
0.5,0.6,0.2,0.9,0.2001288,49925,0.04357443717860729
0.1,0.8,0.4,0.9,0.20013057,49925,0.04782361866175322
0.5,0.6,0.4,0.4,0.20013465,49925,0.04679988287676581
0.7,0.5,0.3,0.5,0.20014095,49925,0.044196930271716096
0.1,0.6,0.7,0.1,0.20014392,49925,0.050471009844568135
0.9,0.7,0.4,0.8,0.20014837,49925,0.044229205452166576
0.3,0.9,0.5,0.9,0.20014895,49925,0.047591902955206114
0.2,0.9,0.5,0.9,0.20015019,49925,0.04803683869872159
0.3,0.3,0.2,0.2,0.20015109,49925,0.046184520162074534
0.6,0.6,0.4,0.4,0.20015109,49925,0.046184520162074534
0.9,0.9,0.6,0.6,0.20015109,49925,0.046184520162074534
0.7,0.8,0.6,0.3,0.20015332,49925,0.04752116435702093
0.1,0.9,0.7,0.5,0.20015337,49925,0.050244845946414866
0.4,0.9,0.5,0.9,0.2001633,49925,0.04717336467091354
0.8,0.5,0.1,0.9,0.20016675,49925,0.040214382801280264
0.8,0.4,0.2,0.5,0.20017815,49925,0.041945348734882426
0.5,0.7,0.5,0.4,0.200179,49925,0.04764730889736662
0.7,0.7,0.5,0.4,0.20018758,49925,0.0465316549622889
0.3,0.6,0.4,0.4,0.20019174,49925,0.04812255169760225
0.6,0.9,0.7,0.3,0.20019637,49925,0.04857428349217113
0.9,0.5,0.4,0.1,0.20020062,49925,0.044358262085956356
0.1,0.8,0.7,0.4,0.20020345,49925,0.050237304823384475
0.3,0.7,0.5,0.4,0.20021817,49925,0.04879287937185887
0.3,0.7,0.6,0.2,0.20023014,49925,0.049791505711688895
0.1,0.7,0.8,0.2,0.20023626,49925,0.050158535543747086
0.4,0.7,0.4,0.7,0.20024917,49925,0.046760901147099486
0.4,0.5,0.4,0.1,0.20025493,49925,0.048321411432058994
0.8,0.9,0.7,0.2,0.20025925,49925,0.04780923027130793
0.1,0.7,0.7,0.3,0.20026141,49925,0.05006585366402465
0.8,0.7,0.5,0.4,0.20026787,49925,0.04600947449796347
0.7,0.9,0.7,0.3,0.20028047,49925,0.04808930561941337
0.4,0.9,0.7,0.4,0.20028251,49925,0.049183840541304
0.9,0.8,0.5,0.7,0.20028578,49925,0.04528221780848438
0.5,0.5,0.3,0.5,0.20029782,49925,0.04541589273054841
0.3,0.9,0.9,0.2,0.20029992,49925,0.050128606646967715
0.3,0.8,0.8,0.1,0.2003026,49925,0.05033649940655326
0.2,0.6,0.2,0.9,0.20030388,49925,0.045036162025815826
0.4,0.9,0.8,0.2,0.20031025,49925,0.049905254818465604
0.2,0.8,0.9,0.1,0.20031838,49925,0.05048606842242959
0.6,0.5,0.3,0.5,0.20034342,49925,0.04478739238080432
0.9,0.3,0.1,0.4,0.20034496,49925,0.038717646679112726
0.1,0.9,0.9,0.4,0.20034675,49925,0.05012281275789681
0.8,0.8,0.6,0.3,0.20034957,49925,0.0469925454997354
0.9,0.8,0.6,0.3,0.20035575,49925,0.04651662413245177
0.1,0.5,0.6,0.1,0.20035613,49925,0.050089353753957545
0.4,0.8,0.7,0.2,0.20035875,49925,0.04959393379022388
0.5,0.9,0.8,0.1,0.20036632,49925,0.04973434491143097
0.2,0.7,0.7,0.2,0.20037317,49925,0.050078603549771304
0.4,0.6,0.5,0.1,0.20038961,49925,0.04904871846963557
0.2,0.8,0.9,0.2,0.2003935,49925,0.04996815264298801
0.9,0.4,0.2,0.5,0.20039718,49925,0.04139777760656717
0.4,0.7,0.5,0.4,0.20040193,49925,0.04820349561327915
0.1,0.5,0.5,0.2,0.20040235,49925,0.04994508401950818
0.1,0.6,0.3,0.7,0.20040539,49925,0.047526523859535576
0.3,0.8,0.7,0.3,0.20040965,49925,0.04967597300505948
0.3,0.5,0.2,0.7,0.2004113,49925,0.04486043287752286
0.9,0.9,0.7,0.2,0.20041338,49925,0.04732716649276941
0.8,0.7,0.4,0.8,0.2004181,49925,0.044635936466744616
0.2,0.9,0.7,0.5,0.2004217,49925,0.049784933621119146
0.1,0.7,0.3,0.9,0.20042865,49925,0.04682483837133793
0.9,0.5,0.1,0.9,0.20044683,49925,0.03981284251143526
0.7,0.6,0.3,0.8,0.20044921,49925,0.04394902665000025
0.2,0.4,0.2,0.5,0.20045538,49925,0.046088400286415004
0.1,0.9,0.5,0.9,0.20045897,49925,0.04848223154872451
0.3,0.6,0.5,0.2,0.20046102,49925,0.049340602508896506
0.7,0.2,0.1,0.2,0.20048666,49925,0.03876663961443302
0.7,0.7,0.4,0.8,0.20050074,49925,0.04506137527419963
0.3,0.5,0.1,0.9,0.20050159,49925,0.04249095935570548
0.2,0.8,0.8,0.3,0.20050952,49925,0.04985442499857323
0.8,0.6,0.4,0.5,0.20051274,49925,0.04486491520571324
0.5,0.8,0.6,0.4,0.20051709,49925,0.04825888621581851
0.5,0.8,0.5,0.7,0.20051956,49925,0.047030762935512
0.5,0.8,0.7,0.1,0.2005243,49925,0.04938508518357626
0.2,0.4,0.3,0.2,0.20053804,49925,0.048761980084607706
0.4,0.8,0.6,0.4,0.20053804,49925,0.048761980084607706
0.5,0.4,0.1,0.7,0.20053887,49925,0.041537574213188294
0.6,0.7,0.5,0.4,0.20054498,49925,0.04708376621043894
0.2,0.7,0.8,0.1,0.20054625,49925,0.05021154182182183
0.3,0.7,0.7,0.1,0.20055296,49925,0.05004466141250362
0.3,0.9,0.9,0.3,0.20055984,49925,0.04970896482735105
0.1,0.3,0.3,0.1,0.20055984,49925,0.04970896482735105
0.2,0.6,0.6,0.2,0.20055984,49925,0.04970896482735105
0.6,0.4,0.1,0.7,0.20056319,49925,0.04098863427386348
0.8,0.6,0.3,0.8,0.20056482,49925,0.043513968082525285
0.3,0.8,0.8,0.2,0.20057288,49925,0.0498665358286776
0.2,0.9,0.9,0.4,0.20058353,49925,0.04972066378574474
0.9,0.6,0.4,0.5,0.20058425,49925,0.044361609025846856
0.2,0.8,0.6,0.5,0.2005927,49925,0.04941928021950576
0.5,0.5,0.4,0.1,0.20059551,49925,0.047451448413964745
0.1,0.8,0.9,0.3,0.20059739,49925,0.04990331287369595
0.1,0.6,0.7,0.2,0.20060393,49925,0.049794204908371914
0.3,0.7,0.4,0.7,0.20060705,49925,0.04728447562476014
0.6,0.8,0.6,0.4,0.20060715,49925,0.047756762888853097
0.3,0.4,0.3,0.2,0.20060715,49925,0.047756762888853097
0.2,0.9,0.6,0.7,0.20061013,49925,0.04896583609301109
0.9,0.6,0.3,0.8,0.20061299,49925,0.04308313040012029
0.5,0.6,0.5,0.1,0.20063548,49925,0.04831544552068118
0.2,0.7,0.8,0.2,0.20065111,49925,0.049650586181547746
0.2,0.6,0.5,0.3,0.20066218,49925,0.049479784767274465
0.9,0.7,0.5,0.4,0.20068574,49925,0.04552172017890413
0.8,0.8,0.5,0.7,0.20069268,49925,0.045703776833419356
0.1,0.9,0.8,0.5,0.20069942,49925,0.050059820728092015
0.1,0.5,0.2,0.7,0.20070145,49925,0.046141199402556385
0.7,0.8,0.5,0.7,0.20071012,49925,0.046131157866841854
0.2,0.6,0.7,0.1,0.20071062,49925,0.04985247703840038
0.1,0.7,0.9,0.1,0.20072374,49925,0.05027180254337433
0.3,0.8,0.9,0.1,0.20073019,49925,0.04998749299423635
0.4,0.8,0.5,0.7,0.20073152,49925,0.04749505012017788
0.4,0.7,0.6,0.2,0.20073289,49925,0.0491870341216572
0.3,0.9,0.7,0.5,0.2007424,49925,0.04930334764196115
0.6,0.5,0.4,0.1,0.20074789,49925,0.04661285325258878
0.6,0.8,0.5,0.7,0.20074815,49925,0.04657660730776283
0.8,0.4,0.1,0.7,0.20074873,49925,0.03998681034086661
0.7,0.4,0.1,0.7,0.20075105,49925,0.040488712163167476
0.4,0.6,0.5,0.2,0.20075205,49925,0.04866369006427304
0.3,0.7,0.6,0.3,0.20075837,49925,0.049314279220521805
0.4,0.9,0.9,0.1,0.20076506,49925,0.05008639636781875
0.3,0.9,0.8,0.4,0.2007662,49925,0.04958644401455856
0.2,0.5,0.5,0.1,0.20076676,49925,0.04995238589485003
0.3,0.5,0.4,0.2,0.20076713,49925,0.048695552772195685
0.1,0.8,0.6,0.5,0.20076948,49925,0.04994808663974567
0.4,0.4,0.3,0.2,0.20077114,49925,0.04678836162787979
0.8,0.8,0.6,0.4,0.20077114,49925,0.04678836162787979
0.2,0.8,0.7,0.4,0.20077527,49925,0.049742991089020944
0.5,0.7,0.6,0.1,0.20077665,49925,0.04891688437258729
0.1,0.8,0.8,0.4,0.20077728,49925,0.049891391088228536
0.3,0.8,0.5,0.7,0.20078582,49925,0.047972172426002935
0.1,0.5,0.4,0.3,0.20078723,49925,0.04970311902015836
0.2,0.8,0.5,0.7,0.20078735,49925,0.04847097797702902
0.8,0.9,0.6,0.7,0.20078784,49925,0.04641441244035388
0.8,0.9,0.7,0.3,0.20079039,49925,0.047630011687768564
0.5,0.6,0.3,0.8,0.20080006,49925,0.04488283374786956
0.3,0.8,0.8,0.3,0.20081186,49925,0.049412223550438304
0.5,0.9,0.8,0.2,0.20081209,49925,0.049433905188957794
0.9,0.8,0.5,0.8,0.2008152,49925,0.045135678215810784
0.7,0.6,0.4,0.5,0.20082109,49925,0.04539433472009549
0.6,0.9,0.7,0.4,0.20082112,49925,0.048301689089583065
0.3,0.7,0.7,0.2,0.20082285,49925,0.04953940203002963
0.4,0.9,0.9,0.2,0.20082395,49925,0.049707341103652145
0.8,0.5,0.4,0.1,0.20082438,49925,0.04506835077408726
0.4,0.4,0.1,0.7,0.20082787,49925,0.04210733702839624
0.4,0.9,0.8,0.3,0.20083676,49925,0.04953144079881693
0.5,0.9,0.7,0.4,0.20083712,49925,0.04873262757770718
0.7,0.5,0.4,0.1,0.20084436,49925,0.045815813143335105
0.2,0.7,0.7,0.3,0.20084669,49925,0.04955394130293981
0.6,0.6,0.3,0.8,0.2008486,49925,0.04440970301499383
0.3,0.4,0.1,0.7,0.20085225,49925,0.04270813807403153
0.1,0.7,0.4,0.7,0.2008672,49925,0.04840705675528501
0.4,0.5,0.3,0.5,0.20086914,49925,0.0460865306475404
0.9,0.4,0.1,0.7,0.20087114,49925,0.03951876193973389
0.7,0.9,0.7,0.4,0.20087478,49925,0.047839397338156314
0.9,0.8,0.6,0.4,0.20087624,49925,0.046336207805877286
0.9,0.9,0.6,0.7,0.20088667,49925,0.0460268266027243
0.7,0.8,0.6,0.4,0.20089176,49925,0.04725345390733565
0.1,0.7,0.6,0.4,0.20091091,49925,0.04995263027499902
0.2,0.7,0.4,0.7,0.2009328,49925,0.04783177649942431
0.4,0.6,0.3,0.8,0.20093907,49925,0.04537299329959366
0.2,0.5,0.2,0.7,0.20093983,49925,0.04549106595187169
0.5,0.9,0.6,0.7,0.20094527,49925,0.04761871834829868
0.8,0.8,0.5,0.8,0.2009454,49925,0.04553597545767342
0.1,0.7,0.8,0.3,0.20094866,49925,0.04960812688125882
0.9,0.9,0.7,0.3,0.20095207,49925,0.04717762907699961
0.1,0.6,0.6,0.3,0.20095846,49925,0.04973881876447417
0.9,0.4,0.3,0.2,0.20096976,49925,0.04280719073692312
0.6,0.9,0.6,0.7,0.20098007,49925,0.04720379520572342
0.6,0.4,0.3,0.2,0.20099048,49925,0.04505773430344753
0.8,0.4,0.3,0.2,0.2009914,49925,0.04352272653272106
0.5,0.8,0.7,0.2,0.2009931,49925,0.04907734504616041
0.2,0.8,0.9,0.3,0.20100145,49925,0.04947630018533235
0.1,0.6,0.2,0.9,0.20100468,49925,0.04555346955196298
0.6,0.7,0.4,0.8,0.20101371,49925,0.04552053769304808
0.4,0.5,0.4,0.2,0.20102781,49925,0.04792048455631725
0.1,0.9,0.6,0.7,0.2010296,49925,0.04942940260587245
0.3,0.8,0.7,0.4,0.20103556,49925,0.049269353666957755
0.7,0.9,0.6,0.7,0.2010462,49925,0.04680585449291289
0.6,0.8,0.7,0.1,0.20104635,49925,0.048823349606287654
0.1,0.4,0.5,0.1,0.20105502,49925,0.04957453141052103
0.2,0.5,0.5,0.2,0.20105833,49925,0.04925324325341311
0.6,0.7,0.6,0.1,0.20106068,49925,0.048309420336962845
0.4,0.9,0.8,0.4,0.20107605,49925,0.04917015210062003
0.1,0.7,0.9,0.2,0.20108032,49925,0.0496785104287262
0.3,0.7,0.8,0.1,0.20108104,49925,0.04965166185221585
0.4,0.8,0.8,0.2,0.20108567,49925,0.04940830244700733
0.2,0.4,0.4,0.1,0.20108567,49925,0.04940830244700733
0.3,0.8,0.9,0.2,0.2010894,49925,0.04953480576215425
0.3,0.9,0.9,0.4,0.20109327,49925,0.04933979636990438
0.3,0.9,0.6,0.7,0.20109598,49925,0.04849924141936286
0.4,0.8,0.7,0.3,0.20109868,49925,0.049184009497202585
0.5,0.9,0.8,0.3,0.20110154,49925,0.04910806284886121
0.2,0.8,0.8,0.4,0.20110542,49925,0.049445021976697916
0.1,0.4,0.4,0.2,0.20110542,49925,0.049445021976697916
0.3,0.5,0.3,0.5,0.20112312,49925,0.04676039349734803
0.8,0.7,0.5,0.5,0.20112528,49925,0.045837488411272144
0.6,0.3,0.2,0.3,0.20113379,49925,0.04297464043145532
0.4,0.9,0.9,0.3,0.20114197,49925,0.04932028651485014
0.4,0.6,0.4,0.5,0.20114839,49925,0.04709398670545033
0.5,0.4,0.3,0.2,0.20117,49925,0.04589526650513617
0.3,0.8,0.6,0.5,0.20117596,49925,0.04890445254154564
0.6,0.9,0.8,0.1,0.20117812,49925,0.049235865551896
0.8,0.5,0.3,0.6,0.20117821,49925,0.04349570133622057
0.8,0.9,0.7,0.4,0.201186,49925,0.04740487648713719
0.6,0.6,0.5,0.1,0.20118734,49925,0.04760032521020132
0.2,0.5,0.1,0.9,0.20119014,49925,0.0429809409752537
0.1,0.6,0.8,0.1,0.2011935,49925,0.049922360698224755
0.1,0.4,0.2,0.5,0.20119734,49925,0.04695443717245373
0.2,0.9,0.8,0.5,0.20120832,49925,0.04964107247053066
0.7,0.4,0.3,0.2,0.20121028,49925,0.04426717513763587
0.2,0.7,0.9,0.1,0.20121253,49925,0.049730424164654626
0.1,0.7,0.9,0.3,0.20122142,49925,0.04918971791122601
0.5,0.7,0.4,0.8,0.20122406,49925,0.045981784717846065
0.3,0.6,0.6,0.1,0.20124972,49925,0.049692523101974466
0.5,0.7,0.6,0.2,0.20125237,49925,0.0486175684199983
0.1,0.9,0.9,0.5,0.20125605,49925,0.049745292210623474
0.1,0.7,0.5,0.5,0.20126072,49925,0.04953432606510122
0.4,0.9,0.6,0.7,0.20126122,49925,0.04806849693664595
0.6,0.9,0.8,0.2,0.20126256,49925,0.04898800925100314
0.3,0.7,0.5,0.5,0.20126823,49925,0.04839466107812175
0.9,0.9,0.7,0.4,0.20127562,49925,0.046991372489241526
0.7,0.8,0.5,0.8,0.20127755,49925,0.04593157087996203
0.3,0.7,0.7,0.3,0.20128271,49925,0.04907367070648735
0.7,0.5,0.3,0.6,0.20129892,49925,0.04401505595176732
0.2,0.5,0.6,0.1,0.20129982,49925,0.04940261672885132
0.1,0.8,0.5,0.7,0.20133254,49925,0.048988484414998916
0.3,0.8,0.9,0.3,0.2013394,49925,0.04907358858691541
0.6,0.6,0.4,0.5,0.20133987,49925,0.045941367431174836
0.2,0.7,0.5,0.5,0.20134619,49925,0.048982995264807414
0.4,0.8,0.8,0.1,0.20134829,49925,0.049822068684197314
0.4,0.9,0.7,0.5,0.20135292,49925,0.04884767146438214
0.9,0.5,0.3,0.6,0.20135617,49925,0.043014280866138094
0.3,0.6,0.5,0.3,0.20135683,49925,0.04881575188767537
0.2,0.7,0.8,0.3,0.2013606,49925,0.049152771726938244
0.2,0.6,0.7,0.2,0.20136218,49925,0.04923766473966235
0.5,0.3,0.2,0.3,0.20136705,49925,0.04381407155041975
0.8,0.8,0.6,0.5,0.20136744,49925,0.04657000798928951
0.8,0.7,0.4,0.9,0.20137027,49925,0.04447127209759237
0.3,0.7,0.8,0.2,0.20137118,49925,0.049165002618719304
0.2,0.7,0.6,0.4,0.20137277,49925,0.04939722323871057
0.6,0.3,0.1,0.5,0.20137803,49925,0.04075674425478473
0.7,0.8,0.7,0.1,0.20138972,49925,0.04829100395923684
0.7,0.9,0.8,0.1,0.20139322,49925,0.048739187968288224
0.5,0.3,0.1,0.5,0.20139581,49925,0.04142346144693257
0.5,0.9,0.9,0.2,0.20140347,49925,0.04928457978028591
0.1,0.9,0.7,0.6,0.20140375,49925,0.04984545742983404
0.1,0.5,0.6,0.2,0.20140432,49925,0.049337724710689194
0.9,0.7,0.5,0.5,0.20140466,49925,0.04536746599453243
0.3,0.6,0.6,0.2,0.20140535,49925,0.049134546073248346
0.9,0.7,0.4,0.9,0.20141216,49925,0.04407976026436817
0.8,0.9,0.8,0.1,0.20141451,49925,0.048274914456465916
0.4,0.7,0.4,0.8,0.20141485,49925,0.04645599114801529
0.9,0.8,0.6,0.5,0.20142457,49925,0.04614996625521984
0.2,0.4,0.1,0.7,0.201425,49925,0.04334493724966085
0.4,0.9,0.9,0.4,0.20143269,49925,0.048970079478659126
0.3,0.9,0.8,0.5,0.2014405,49925,0.049231707345065885
0.1,0.6,0.4,0.5,0.20144355,49925,0.04901539459592125
0.7,0.9,0.7,0.5,0.20144378,49925,0.047589633495484646
0.7,0.7,0.4,0.9,0.20144439,49925,0.04487245315165701
0.6,0.8,0.7,0.2,0.20144856,49925,0.04859617505967539
0.9,0.6,0.4,0.6,0.20145164,49925,0.044239590812059686
0.7,0.6,0.5,0.1,0.20146236,49925,0.04691446725058075
0.7,0.8,0.6,0.5,0.20146473,49925,0.04702418987355313
0.6,0.5,0.3,0.6,0.20147096,49925,0.04455937119867826
0.5,0.7,0.5,0.5,0.20147261,49925,0.04731685157218826
0.3,0.6,0.3,0.8,0.20147264,49925,0.04589349102949423
0.4,0.8,0.8,0.3,0.20147291,49925,0.04899489847288299
0.5,0.8,0.7,0.3,0.201477,49925,0.048722911040307966
0.1,0.8,0.7,0.5,0.2014795,49925,0.04980765908756099
0.1,0.6,0.8,0.2,0.20148295,49925,0.0492780066959325
0.2,0.6,0.4,0.5,0.2014875,49925,0.048362438596744
0.7,0.7,0.6,0.1,0.20149203,49925,0.04770178328438167
0.4,0.8,0.9,0.2,0.20149685,49925,0.04908250257599082
0.5,0.9,0.9,0.1,0.20149691,49925,0.04964860659164045
0.2,0.9,0.7,0.6,0.20150214,49925,0.049401712362078444
0.1,0.7,0.7,0.4,0.20150356,49925,0.049587772306239244
0.7,0.5,0.2,0.8,0.20150554,49925,0.0424961461702267
0.9,0.6,0.5,0.1,0.20151226,49925,0.04561304243763966
0.5,0.6,0.4,0.5,0.20152016,49925,0.04650706829523712
0.5,0.6,0.5,0.2,0.2015228,49925,0.04799698687554024
0.9,0.9,0.7,0.5,0.2015266,49925,0.046797199549557654
0.3,0.6,0.4,0.5,0.20152687,49925,0.04770042428307405
0.2,0.7,0.9,0.2,0.20152871,49925,0.04922705795899169
0.4,0.7,0.6,0.3,0.20153031,49925,0.04874970620187135
0.7,0.7,0.5,0.5,0.20153317,49925,0.04630950366493853
0.6,0.7,0.5,0.5,0.20153359,49925,0.0467906702592465
0.2,0.5,0.3,0.5,0.20154005,49925,0.047489201169425024
0.2,0.6,0.6,0.3,0.20154028,49925,0.049166654893677345
0.2,0.9,0.9,0.5,0.20155725,49925,0.04936787239362231
0.4,0.8,0.6,0.5,0.2015596,49925,0.048412677613190035
0.9,0.5,0.2,0.8,0.2015615,49925,0.04165040179043265
0.3,0.7,0.4,0.8,0.20156612,49925,0.04694820971251161
0.4,0.8,0.7,0.4,0.20157006,49925,0.04881145170354167
0.5,0.5,0.4,0.2,0.20157558,49925,0.04714315210029656
0.8,0.5,0.2,0.8,0.20158002,49925,0.0420766465414149
0.4,0.7,0.5,0.5,0.20158274,49925,0.04782991598000841
0.5,0.9,0.7,0.5,0.20159045,49925,0.04842484492963499
0.9,0.9,0.6,0.8,0.20159999,49925,0.04586037031072509
0.3,0.9,0.7,0.6,0.20160294,49925,0.04895640990691901
0.7,0.3,0.1,0.5,0.20160896,49925,0.04010354203982734
0.5,0.8,0.5,0.8,0.20161715,49925,0.0467589151261508
0.9,0.8,0.5,0.9,0.20161761,49925,0.04498815024041931
0.6,0.8,0.5,0.8,0.20163585,49925,0.04633156854455686
0.6,0.9,0.7,0.5,0.20163973,49925,0.04800539068675673
0.1,0.8,0.9,0.4,0.20163992,49925,0.049517401166929424
0.8,0.9,0.7,0.5,0.20164077,49925,0.04718798521502649
0.2,0.6,0.8,0.1,0.20164089,49925,0.04933911810474013
0.3,0.5,0.5,0.1,0.20164113,49925,0.049200327164266415
0.6,0.8,0.6,0.5,0.20164534,49925,0.04746229828375915
0.6,0.9,0.8,0.3,0.2016491,49925,0.04869762441779327
0.3,0.8,0.8,0.4,0.20165747,49925,0.049028540544361454
0.1,0.6,0.5,0.4,0.20166561,49925,0.04957886587506769
0.4,0.7,0.7,0.2,0.20166601,49925,0.04903443707199253
0.5,0.9,0.8,0.4,0.20166817,49925,0.04876093657269539
0.2,0.5,0.4,0.3,0.20167027,49925,0.04890524106065539
0.8,0.7,0.6,0.1,0.20167738,49925,0.047112795593815274
0.4,0.7,0.7,0.1,0.20169395,49925,0.04948665652546614
0.3,0.6,0.7,0.1,0.20169485,49925,0.04926550184037375
0.7,0.3,0.2,0.3,0.20169806,49925,0.04221002361043356
0.8,0.8,0.7,0.1,0.20170586,49925,0.0477744855223911
0.4,0.8,0.9,0.1,0.20170999,49925,0.04953853993212998
0.3,0.7,0.8,0.3,0.20171246,49925,0.04874090589591418
0.8,0.3,0.2,0.3,0.20171379,49925,0.04148156571909178
0.5,0.5,0.3,0.6,0.20171638,49925,0.045144751865353806
0.1,0.5,0.7,0.1,0.20172058,49925,0.04947179412035865
0.2,0.8,0.7,0.5,0.20172796,49925,0.04935107391451995
0.2,0.8,0.9,0.4,0.20173445,49925,0.049104061532425046
0.3,0.6,0.6,0.3,0.20174663,49925,0.04862278525880886
0.4,0.8,0.8,0.4,0.20174663,49925,0.04862278525880886
0.2,0.4,0.4,0.2,0.20174663,49925,0.04862278525880886
0.1,0.2,0.2,0.1,0.20174663,49925,0.04862278525880886
0.6,0.5,0.2,0.8,0.20174795,49925,0.04297482778422662
0.7,0.9,0.6,0.8,0.20176375,49925,0.046606066148758715
0.1,0.5,0.5,0.3,0.20177093,49925,0.04931145601275991
0.1,0.6,0.7,0.3,0.2017723,49925,0.049262394449554985
0.6,0.5,0.4,0.2,0.20178232,49925,0.046421311901894476
0.6,0.8,0.7,0.3,0.20178396,49925,0.04826262758639574
0.6,0.4,0.2,0.6,0.20178762,49925,0.042959238698537405
0.9,0.6,0.3,0.9,0.20178762,49925,0.0429592386985374
0.3,0.2,0.1,0.3,0.20178762,49925,0.042959238698537405
0.6,0.7,0.4,0.9,0.2017885,49925,0.045280596480940655
0.7,0.4,0.2,0.6,0.20179015,49925,0.04241547325765132
0.3,0.6,0.7,0.2,0.20179722,49925,0.04874720608763897
0.5,0.9,0.9,0.3,0.20179999,49925,0.04894983247063776
0.8,0.6,0.5,0.1,0.20180011,49925,0.04623860238743167
0.6,0.9,0.6,0.8,0.20180988,49925,0.046984020742080225
0.4,0.8,0.9,0.3,0.2018125,49925,0.04871337588302124
0.2,0.5,0.6,0.2,0.2018172,49925,0.04874830039142743
0.7,0.9,0.8,0.2,0.2018177,49925,0.048547254137162356
0.3,0.7,0.9,0.1,0.20182234,49925,0.04925731761652985
0.5,0.8,0.8,0.1,0.20182438,49925,0.04933825358250108
0.9,0.4,0.3,0.3,0.20183434,49925,0.04285363688896713
0.8,0.9,0.6,0.8,0.20184927,49925,0.0462409159486458
0.4,0.7,0.8,0.2,0.20185089,49925,0.048722569899034986
0.5,0.8,0.6,0.5,0.20185384,49925,0.047927567977934314
0.1,0.5,0.1,0.9,0.20185745,49925,0.043471375026849494
0.1,0.8,0.8,0.5,0.2018646,49925,0.04949434914196292
0.3,0.7,0.9,0.2,0.20187311,49925,0.04880212802585143
0.2,0.7,0.4,0.8,0.20187414,49925,0.047436341620302115
0.4,0.7,0.7,0.3,0.2018753,49925,0.048606602716780085
0.3,0.7,0.6,0.4,0.20188022,49925,0.048880423628649784
0.5,0.7,0.6,0.3,0.2018804,49925,0.04823791542883396
0.4,0.8,0.5,0.8,0.20188205,49925,0.0472048183122782
0.3,0.9,0.6,0.8,0.20188378,49925,0.04820541094151145
0.1,0.9,0.8,0.6,0.20188382,49925,0.04967792819980983
0.4,0.6,0.5,0.3,0.20188475,49925,0.04819039638142727
0.2,0.4,0.5,0.1,0.20188925,49925,0.04878640380018223
0.4,0.9,0.7,0.6,0.20189023,49925,0.048527878525295935
0.2,0.6,0.7,0.3,0.20189169,49925,0.048765534677741626
0.1,0.5,0.7,0.2,0.2018953,49925,0.048788105097321684
0.3,0.5,0.5,0.2,0.20189649,49925,0.04859670419359873
0.8,0.8,0.5,0.9,0.20189774,49925,0.045356331135263016
0.5,0.9,0.6,0.8,0.20189899,49925,0.04737792342809779
0.2,0.3,0.1,0.5,0.2018994,49925,0.04375364314497663
0.4,0.3,0.2,0.3,0.20190386,49925,0.04471278027593131
0.8,0.6,0.4,0.6,0.20190386,49925,0.04471278027593131
0.5,0.8,0.8,0.2,0.20191295,49925,0.048944968125245764
0.7,0.9,0.8,0.3,0.20191327,49925,0.04828914041538909
0.1,0.5,0.3,0.5,0.20192596,49925,0.04826037427005446
0.6,0.7,0.6,0.2,0.20193279,49925,0.048053705230265746
0.5,0.8,0.9,0.2,0.20193318,49925,0.04872023856584126
0.4,0.3,0.1,0.5,0.2019347,49925,0.04214231482450503
0.5,0.9,0.9,0.4,0.2019377,49925,0.04860843515645814
0.5,0.4,0.2,0.6,0.2019379,49925,0.04355979001308668
0.5,0.8,0.8,0.3,0.20194153,49925,0.04859857477710285
0.3,0.3,0.1,0.5,0.20194471,49925,0.042917864628324955
0.1,0.7,0.8,0.4,0.20194976,49925,0.049199491884368576
0.2,0.6,0.3,0.8,0.20195319,49925,0.04643324825314005
0.8,0.2,0.1,0.2,0.20196155,49925,0.03792424655039638
0.2,0.7,0.9,0.3,0.20196198,49925,0.04877392757219588
0.6,0.6,0.4,0.6,0.20196594,49925,0.04570559322682083
0.3,0.3,0.2,0.3,0.20196594,49925,0.04570559322682083
0.9,0.9,0.6,0.9,0.20196594,49925,0.04570559322682083
0.3,0.9,0.9,0.5,0.20197448,49925,0.04901083127268068
0.4,0.9,0.8,0.5,0.20199445,49925,0.04884850924958107
0.5,0.5,0.2,0.8,0.20202667,49925,0.04345836557724754
0.6,0.9,0.9,0.3,0.20203356,49925,0.04858352623664327
0.4,0.6,0.6,0.2,0.20203356,49925,0.04858352623664326
0.2,0.3,0.3,0.1,0.20203356,49925,0.04858352623664326
0.2,0.7,0.7,0.4,0.20203385,49925,0.04909445337070219
0.9,0.8,0.7,0.1,0.2020368,49925,0.047260698875518044
0.9,0.7,0.5,0.6,0.20203863,49925,0.04519756831329746
0.7,0.6,0.3,0.9,0.20204633,49925,0.043760769285690594
0.3,0.8,0.9,0.4,0.20205064,49925,0.048735618157706
0.8,0.6,0.3,0.9,0.20205307,49925,0.043355264508420276
0.4,0.5,0.3,0.6,0.20207228,49925,0.04572772177964202
0.5,0.7,0.4,0.9,0.20207286,49925,0.04571031756093578
0.3,0.7,0.7,0.4,0.20207794,49925,0.04865547668876011
0.8,0.5,0.4,0.2,0.20209555,49925,0.04506940808237344
0.9,0.3,0.2,0.3,0.20209609,49925,0.04081044030166693
0.1,0.8,0.6,0.6,0.20209935,49925,0.04951123789433662
0.2,0.9,0.6,0.8,0.2021016,49925,0.048628813031444326
0.8,0.3,0.1,0.5,0.20211643,49925,0.03951118728032096
0.4,0.9,0.6,0.8,0.2021178,49925,0.04777945555251892
0.9,0.9,0.8,0.1,0.20212168,49925,0.047823245568829095
0.8,0.7,0.5,0.6,0.20212215,49925,0.04564640532599076
0.7,0.6,0.4,0.6,0.2021302,49925,0.045191119156630905
0.6,0.9,0.9,0.1,0.20213579,49925,0.04922473135046584
0.1,0.6,0.8,0.3,0.20214048,49925,0.048804416458396734
0.2,0.6,0.8,0.2,0.20214354,49925,0.048787268911549095
0.1,0.3,0.4,0.1,0.20214354,49925,0.048787268911549095
0.4,0.9,0.9,0.5,0.20215708,49925,0.04866208684088599
0.2,0.9,0.8,0.6,0.20216095,49925,0.049302722059469145
0.1,0.4,0.5,0.2,0.20217213,49925,0.04877559052916254
0.7,0.8,0.5,0.9,0.20218545,49925,0.04574240257158538
0.7,0.8,0.7,0.2,0.2021902,49925,0.04808406342526596
0.4,0.5,0.4,0.3,0.20219484,49925,0.047450280898740614
0.3,0.5,0.4,0.3,0.20221044,49925,0.04815246436955761
0.8,0.4,0.2,0.6,0.20221059,49925,0.04190209021936314
0.4,0.2,0.1,0.3,0.20221059,49925,0.04190209021936314
0.7,0.7,0.5,0.6,0.20221327,49925,0.046084749069213275
0.1,0.7,0.4,0.8,0.20221429,49925,0.04795075161650609
0.2,0.8,0.8,0.5,0.2022182,49925,0.04906999671363614
0.6,0.9,0.8,0.4,0.20221883,49925,0.04836997828892595
0.7,0.5,0.4,0.2,0.20222694,49925,0.04572292119097908
0.5,0.8,0.7,0.4,0.20223424,49925,0.04836412279792282
0.2,0.6,0.5,0.4,0.2022392,49925,0.04896891757221861
0.3,0.5,0.6,0.1,0.20224093,49925,0.048765444732832196
0.1,0.9,0.9,0.6,0.20225585,49925,0.04941915727352041
0.6,0.6,0.5,0.2,0.20225725,49925,0.04735161530672803
0.4,0.6,0.6,0.1,0.20225766,49925,0.04906628527678128
0.8,0.4,0.3,0.3,0.20225798,49925,0.04348171773596212
0.6,0.9,0.9,0.2,0.20226292,49925,0.0488990267069382
0.1,0.6,0.9,0.1,0.20226294,49925,0.0494145417941286
0.1,0.6,0.6,0.4,0.20226833,49925,0.049220231933800825
0.5,0.5,0.4,0.3,0.2022714,49925,0.04678471048680206
0.6,0.7,0.6,0.3,0.20228206,49925,0.047732866477829594
0.8,0.9,0.6,0.9,0.2022886,49925,0.046049374532344416
0.5,0.7,0.7,0.2,0.20229308,49925,0.04856228738385322
0.2,0.8,0.6,0.6,0.20229867,49925,0.0490305406053396
0.1,0.4,0.3,0.3,0.20229867,49925,0.0490305406053396
0.5,0.9,0.7,0.6,0.2023016,49925,0.04813474691681545
0.3,0.8,0.5,0.8,0.20230195,49925,0.04764920580587815
0.2,0.5,0.5,0.3,0.20230196,49925,0.048673102982891014
0.4,0.5,0.2,0.8,0.20230654,49925,0.043959875602701336
0.9,0.5,0.4,0.2,0.20230806,49925,0.04442463879748968
0.3,0.8,0.7,0.5,0.20231473,49925,0.048900400171681
0.6,0.9,0.7,0.6,0.20231563,49925,0.04772045463981574
0.9,0.4,0.2,0.6,0.20232126,49925,0.04141824923296439
0.5,0.7,0.7,0.1,0.20232451,49925,0.04896771783583305
0.5,0.8,0.9,0.3,0.20233035,49925,0.04835799496861231
0.2,0.7,0.8,0.4,0.20233041,49925,0.0487711528885916
0.4,0.7,0.8,0.1,0.20233214,49925,0.049185638464682366
0.3,0.5,0.3,0.6,0.20233244,49925,0.04635570108348309
0.1,0.7,0.6,0.5,0.20233338,49925,0.04946180376229098
0.6,0.9,0.9,0.4,0.2023445,49925,0.048282843122181764
0.8,0.9,0.8,0.2,0.20235221,49925,0.0480979998121867
0.4,0.7,0.4,0.9,0.20235643,49925,0.046150652033987286
0.6,0.8,0.5,0.9,0.20235866,49925,0.046110586509146956
0.5,0.8,0.8,0.4,0.20236042,49925,0.04824541992512711
0.9,0.8,0.6,0.6,0.20236453,49925,0.0459853253582887
0.9,0.7,0.6,0.1,0.20236859,49925,0.046542373562412316
0.3,0.9,0.8,0.6,0.20237668,49925,0.04891077738812367
0.4,0.8,0.9,0.4,0.20238541,49925,0.04836650473112734
0.3,0.8,0.6,0.6,0.20240247,49925,0.048550469198020016
0.7,0.6,0.5,0.2,0.20240425,49925,0.04675078872264091
0.6,0.4,0.3,0.3,0.20241013,49925,0.04484612475724677
0.5,0.6,0.5,0.3,0.20241141,49925,0.047619779232684165
0.2,0.8,0.9,0.5,0.2024172,49925,0.04878338295830456
0.3,0.6,0.7,0.3,0.20242067,49925,0.04828681153719668
0.5,0.8,0.5,0.9,0.20242792,49925,0.046509515201333396
0.5,0.4,0.3,0.3,0.20244193,49925,0.045577461976067025
0.9,0.9,0.7,0.6,0.20244256,49925,0.04658798117085139
0.6,0.6,0.5,0.3,0.20244718,49925,0.04704723953947152
0.5,0.8,0.9,0.1,0.20244993,49925,0.04911545067375875
0.3,0.6,0.8,0.1,0.20245236,49925,0.048834580901500294
0.2,0.5,0.7,0.1,0.20245463,49925,0.04884125062056426
0.8,0.8,0.6,0.6,0.20245531,49925,0.04637604066695115
0.4,0.4,0.3,0.3,0.20245531,49925,0.04637604066695115
0.2,0.9,0.9,0.6,0.20245975,49925,0.049046669469240294
0.6,0.8,0.7,0.4,0.20246759,49925,0.04793215272983793
0.5,0.9,0.8,0.5,0.20246959,49925,0.04846066449359191
0.8,0.9,0.7,0.6,0.20247592,49925,0.046965004663879546
0.1,0.8,0.9,0.5,0.20247595,49925,0.049149826696829484
0.6,0.8,0.6,0.6,0.20248626,49925,0.04719461516319507
0.3,0.4,0.3,0.3,0.20248626,49925,0.04719461516319507
0.1,0.5,0.6,0.3,0.20248792,49925,0.048792036404947677
0.4,0.7,0.8,0.3,0.20249026,49925,0.04832402689479631
0.5,0.8,0.6,0.6,0.20249026,49925,0.04763185886806851
0.2,0.2,0.1,0.3,0.2024925,49925,0.04415359107278804
0.6,0.6,0.3,0.9,0.2024925,49925,0.04415359107278804
0.4,0.4,0.2,0.6,0.2024925,49925,0.04415359107278804
0.7,0.9,0.8,0.4,0.20250455,49925,0.04800212678868967
0.2,0.8,0.5,0.8,0.20250544,49925,0.04812862853996898
0.2,0.4,0.3,0.3,0.2025058,49925,0.0480921164231432
0.4,0.8,0.6,0.6,0.2025058,49925,0.0480921164231432
0.7,0.9,0.7,0.6,0.20251463,49925,0.04733871916066511
0.3,0.7,0.9,0.3,0.20251845,49925,0.0483964862715607
0.1,0.4,0.1,0.7,0.20251933,49925,0.043973614316481606
0.7,0.8,0.7,0.3,0.20252351,49925,0.047817359018996496
0.4,0.7,0.6,0.4,0.20252901,49925,0.04836611621696557
0.7,0.7,0.6,0.2,0.20253778,49925,0.04749780006047939
0.5,0.6,0.4,0.6,0.20254049,49925,0.046216990903544655
0.3,0.5,0.6,0.2,0.20254199,49925,0.048183713441117215
0.3,0.8,0.8,0.5,0.20255487,49925,0.048680465022092
0.8,0.7,0.6,0.2,0.20256169,49925,0.046981380265063134
0.7,0.8,0.6,0.6,0.20256434,49925,0.0467773558817912
0.5,0.7,0.7,0.3,0.20256928,49925,0.04817274677053433
0.5,0.9,0.9,0.5,0.2025713,49925,0.048332280426106114
0.9,0.9,0.8,0.2,0.2025734,49925,0.04767640977666126
0.1,0.8,0.5,0.8,0.20257379,49925,0.04859315017523547
0.1,0.9,0.7,0.7,0.20257975,49925,0.04945536491986351
0.3,0.6,0.4,0.6,0.2025848,49925,0.047324643634559335
0.1,0.9,0.6,0.8,0.20258966,49925,0.049068437462515754
0.7,0.7,0.6,0.3,0.20258984,49925,0.04723863213040062
0.2,0.4,0.5,0.2,0.20259355,49925,0.04811086085008801
0.8,0.8,0.7,0.2,0.20259689,49925,0.04760883504608261
0.5,0.2,0.1,0.3,0.20259917,49925,0.04094211150915397
0.5,0.7,0.6,0.4,0.20260479,49925,0.04786916610425458
0.4,0.7,0.9,0.2,0.20260495,49925,0.048397346021859265
0.4,0.7,0.9,0.1,0.20261139,49925,0.04884518927865056
0.7,0.4,0.3,0.3,0.20261359,49925,0.044148282587799376
0.5,0.7,0.8,0.2,0.20261589,49925,0.0483124735465879
0.4,0.8,0.7,0.5,0.20261672,49925,0.04847204397679186
0.8,0.6,0.4,0.7,0.20261672,49925,0.04453556496017629
0.7,0.9,0.9,0.3,0.2026248,49925,0.048236611318583505
0.6,0.8,0.8,0.3,0.2026285,49925,0.048208860435629365
0.2,0.7,0.6,0.5,0.20263104,49925,0.04899439188400831
0.7,0.4,0.1,0.8,0.20263417,49925,0.040335254551992
0.9,0.3,0.1,0.5,0.20263557,49925,0.03896377710480349
0.3,0.6,0.8,0.2,0.20263901,49925,0.04835016053734134
0.3,0.4,0.4,0.1,0.20264886,49925,0.04853711982736947
0.6,0.8,0.8,0.2,0.20264886,49925,0.04853711982736947
0.6,0.5,0.3,0.7,0.2026598,49925,0.044313352580705956
0.8,0.9,0.8,0.3,0.2026664,49925,0.047870317365506884
0.4,0.6,0.7,0.2,0.2026707,49925,0.04825560892809918
0.4,0.7,0.5,0.6,0.20267206,49925,0.04750718804865511
0.2,0.7,0.5,0.6,0.20268184,49925,0.04854780432945468
0.6,0.7,0.5,0.6,0.20268604,49925,0.04652987273449183
0.6,0.9,0.8,0.5,0.20268694,49925,0.04809675233306912
0.1,0.4,0.6,0.1,0.20268722,49925,0.04886649324339655
0.8,0.8,0.7,0.3,0.20268807,49925,0.04736065230809949
0.9,0.6,0.4,0.7,0.20268838,49925,0.04411378866358952
0.7,0.9,0.6,0.9,0.20269439,49925,0.04638356973279089
0.9,0.8,0.7,0.2,0.2026976,49925,0.04714636896623
0.9,0.5,0.3,0.7,0.20270856,49925,0.042913261408896536
0.4,0.6,0.7,0.1,0.20271286,49925,0.048745526456110966
0.4,0.7,0.9,0.3,0.2027295,49925,0.048026044149194876
0.6,0.8,0.8,0.1,0.20274302,49925,0.048887965160655925
0.5,0.9,0.6,0.9,0.20274538,49925,0.047123302090460284
0.4,0.7,0.7,0.4,0.20274644,49925,0.04824501846875259
0.7,0.5,0.3,0.7,0.2027491,49925,0.04382178719188269
0.3,0.5,0.2,0.8,0.20275068,49925,0.04448151681095772
0.3,0.7,0.5,0.6,0.20276158,49925,0.04802130249632451
0.3,0.7,0.8,0.4,0.2027652,49925,0.048376025740440316
0.3,0.6,0.5,0.4,0.20277289,49925,0.048360312887966626
0.5,0.7,0.5,0.6,0.202784,49925,0.047020486867947894
0.2,0.3,0.2,0.3,0.2027845,49925,0.04674640136701419
0.4,0.6,0.4,0.6,0.2027845,49925,0.04674640136701419
0.6,0.9,0.6,0.9,0.2027845,49925,0.04674640136701419
0.6,0.4,0.1,0.8,0.20279491,49925,0.04080929290072216
0.7,0.5,0.4,0.3,0.20280173,49925,0.04550721846355731
0.1,0.3,0.1,0.5,0.20280598,49925,0.04462609979898557
0.8,0.5,0.3,0.7,0.20280616,49925,0.04335610899807633
0.1,0.7,0.5,0.6,0.20280617,49925,0.04907536279483784
0.4,0.9,0.8,0.6,0.20280665,49925,0.048530033385758155
0.7,0.9,0.9,0.1,0.20280851,49925,0.04882898644090396
0.2,0.6,0.9,0.2,0.20281059,49925,0.04837023485422169
0.1,0.6,0.9,0.2,0.2028131,49925,0.0488284414349565
0.8,0.5,0.4,0.3,0.20281348,49925,0.044921713347989355
0.9,0.2,0.1,0.2,0.20281525,49925,0.03719243311628573
0.5,0.8,0.9,0.4,0.20282315,49925,0.048031057259140336
0.4,0.6,0.6,0.3,0.20282435,49925,0.048127633174786244
0.2,0.9,0.7,0.7,0.20282653,49925,0.04905638092924492
0.7,0.9,0.9,0.2,0.20282727,49925,0.04853026820024749
0.2,0.6,0.9,0.1,0.20283087,49925,0.0489012395740362
0.9,0.7,0.5,0.7,0.20283094,49925,0.04505530743135567
0.1,0.6,0.7,0.4,0.20283642,49925,0.048806069000635034
0.8,0.6,0.5,0.2,0.20284063,49925,0.046152131489944175
0.2,0.5,0.7,0.2,0.20284167,49925,0.04825106560341729
0.3,0.8,0.9,0.5,0.20284414,49925,0.04842262106251273
0.2,0.5,0.3,0.6,0.20284517,49925,0.04698625867957
0.5,0.6,0.3,0.9,0.20284653,49925,0.0445850599154391
0.1,0.8,0.7,0.6,0.2028479,49925,0.04937480395581979
0.1,0.7,0.9,0.4,0.20284855,49925,0.04881626911479631
0.9,0.6,0.5,0.2,0.20284966,49925,0.04558491924049714
0.2,0.6,0.8,0.3,0.2028622,49925,0.04834195117106647
0.1,0.7,0.7,0.5,0.20286271,49925,0.04917854948599408
0.1,0.3,0.3,0.2,0.20287102,49925,0.04871196092768301
0.3,0.9,0.9,0.6,0.20287102,49925,0.048711960927683005
0.2,0.6,0.6,0.4,0.20287102,49925,0.04871196092768301
0.8,0.7,0.6,0.3,0.20287105,49925,0.046748182116242445
0.1,0.6,0.3,0.8,0.2028715,49925,0.04698296893745367
0.2,0.5,0.6,0.3,0.20287663,49925,0.0482331402649361
0.8,0.4,0.1,0.8,0.2028837,49925,0.039910211006654886
0.7,0.6,0.5,0.3,0.20289269,49925,0.04648204398255187
0.4,0.8,0.5,0.9,0.20290822,49925,0.046917690825201405
0.4,0.6,0.5,0.4,0.20291212,49925,0.04778118365640707
0.6,0.8,0.9,0.3,0.20291422,49925,0.048010606006799246
0.4,0.9,0.7,0.7,0.20292147,49925,0.048254054392023835
0.6,0.8,0.9,0.2,0.20292267,49925,0.04834918544318155
0.5,0.4,0.1,0.8,0.20292561,49925,0.04129891693115091
0.6,0.7,0.6,0.4,0.20292646,49925,0.047401158975441456
0.3,0.7,0.4,0.9,0.2029327,49925,0.04658865918492177
0.8,0.9,0.8,0.4,0.20293713,49925,0.04762125464540572
0.7,0.9,0.8,0.5,0.20293982,49925,0.0477178909844909
0.2,0.7,0.9,0.4,0.20294075,49925,0.04841298066754006
0.4,0.5,0.5,0.1,0.20294674,49925,0.048515583316557975
0.5,0.6,0.6,0.2,0.2029565,49925,0.04806132257676913
0.2,0.5,0.2,0.8,0.20296344,49925,0.045004888721676295
0.6,0.5,0.4,0.3,0.2029674,49925,0.046124430997595174
0.9,0.7,0.6,0.2,0.20297118,49925,0.046450564350716324
0.5,0.7,0.8,0.3,0.20297444,49925,0.04794873181281477
0.8,0.8,0.7,0.4,0.20298356,49925,0.04712033610445908
0.9,0.8,0.6,0.7,0.20298915,49925,0.04579253427666601
0.4,0.5,0.5,0.2,0.20298941,49925,0.04799031013726455
0.5,0.5,0.3,0.7,0.20299694,49925,0.04483887529112303
0.4,0.9,0.6,0.9,0.20302106,49925,0.04751706109406425
0.7,0.9,0.9,0.4,0.2030216,49925,0.04795140714775573
0.3,0.6,0.8,0.3,0.20303354,49925,0.04791408175008715
0.9,0.8,0.7,0.3,0.20304099,49925,0.046946213924499575
0.5,0.7,0.8,0.1,0.20304906,49925,0.04873057024326803
0.4,0.8,0.8,0.5,0.20305458,49925,0.048301680034747795
0.1,0.6,0.9,0.3,0.20306067,49925,0.048401356857434866
0.3,0.7,0.6,0.5,0.2030625,49925,0.04849292169314703
0.2,0.8,0.7,0.6,0.20306408,49925,0.048980131928151364
0.3,0.4,0.4,0.2,0.20306621,49925,0.04789355374598978
0.6,0.8,0.8,0.4,0.20306621,49925,0.04789355374598978
0.3,0.9,0.7,0.7,0.2030792,49925,0.048643886572209
0.1,0.5,0.8,0.1,0.20308813,49925,0.04890403836006974
0.9,0.9,0.8,0.4,0.2030882,49925,0.04725327159079722
0.5,0.6,0.6,0.1,0.2030895,49925,0.04848720432273566
0.6,0.7,0.7,0.1,0.20309691,49925,0.04847438532106657
0.7,0.8,0.7,0.4,0.20310877,49925,0.04752225466313495
0.9,0.9,0.8,0.3,0.20311038,49925,0.04747931623938992
0.2,0.7,0.7,0.5,0.20311217,49925,0.048737973180608116
0.4,0.4,0.1,0.8,0.20311752,49925,0.041803112676728496
0.5,0.9,0.7,0.7,0.203119,49925,0.04786640488830457
0.7,0.6,0.4,0.7,0.20311949,49925,0.04498354769565068
0.3,0.4,0.2,0.6,0.203121,49925,0.04481126794350613
0.9,0.5,0.4,0.3,0.20312881,49925,0.044355427631937505
0.7,0.7,0.5,0.7,0.20314305,49925,0.04586817140777937
0.4,0.7,0.8,0.4,0.2031545,49925,0.04799192193576541
0.6,0.8,0.7,0.5,0.20315486,49925,0.04763128867797178
0.8,0.3,0.2,0.4,0.20316191,49925,0.04152382139585013
0.8,0.8,0.6,0.7,0.20316279,49925,0.04616404722805542
0.7,0.8,0.8,0.3,0.20316309,49925,0.047826130602339326
0.8,0.6,0.5,0.3,0.20316379,49925,0.04595900992794573
0.1,0.5,0.4,0.4,0.20317173,49925,0.049066561046365774
0.2,0.6,0.4,0.6,0.20317608,49925,0.047898101768986866
0.3,0.9,0.6,0.9,0.20317608,49925,0.04789810176898687
0.1,0.3,0.2,0.3,0.20317608,49925,0.047898101768986866
0.8,0.7,0.5,0.7,0.20317617,49925,0.045455126446417464
0.4,0.9,0.9,0.6,0.20319349,49925,0.04837319393136952
0.3,0.7,0.9,0.4,0.20319493,49925,0.04804210573012939
0.1,0.8,0.8,0.6,0.20319535,49925,0.049123540992561984
0.1,0.9,0.8,0.7,0.20319709,49925,0.04931759162651819
0.4,0.6,0.7,0.3,0.20320332,49925,0.047848764917998714
0.7,0.7,0.6,0.4,0.20320745,49925,0.046961166323557825
0.5,0.7,0.9,0.2,0.2032086,49925,0.0480233991995006
0.6,0.8,0.9,0.4,0.20321232,49925,0.0477259441687144
0.4,0.6,0.3,0.9,0.2032164,49925,0.045038405626447016
0.2,0.8,0.8,0.6,0.20321941,49925,0.048748292408939436
0.1,0.4,0.4,0.3,0.20321941,49925,0.048748292408939436
0.5,0.6,0.5,0.4,0.20322102,49925,0.047236302691216585
0.5,0.8,0.7,0.5,0.20322226,49925,0.04805031805388069
0.3,0.5,0.5,0.3,0.20322952,49925,0.04810162765097922
0.6,0.2,0.1,0.3,0.20323007,49925,0.04005625497563095
0.6,0.9,0.7,0.7,0.20323691,49925,0.04748290535149089
0.7,0.9,0.7,0.7,0.20326343,49925,0.04709605709413272
0.9,0.6,0.5,0.3,0.20326416,49925,0.04545583597487665
0.2,0.9,0.8,0.7,0.2032669,49925,0.048960130377448625
0.2,0.6,0.7,0.4,0.20326763,49925,0.048344054602500144
0.4,0.7,0.6,0.5,0.20326789,49925,0.048014832488272374
0.1,0.5,0.8,0.2,0.20327356,49925,0.04832076197364434
0.8,0.9,0.7,0.7,0.20328483,49925,0.04674154588860015
0.5,0.9,0.8,0.6,0.20328942,49925,0.04817917087453931
0.8,0.4,0.3,0.4,0.20329127,49925,0.04338950584905456
0.2,0.7,0.8,0.5,0.20330097,49925,0.048419482076299855
0.9,0.5,0.2,0.9,0.20330796,49925,0.041545711435800686
0.6,0.8,0.9,0.1,0.20330802,49925,0.04871504765068278
0.8,0.9,0.8,0.5,0.20331137,49925,0.0473641764861819
0.6,0.6,0.5,0.4,0.20331736,49925,0.046715416296298724
0.1,0.7,0.8,0.5,0.20332503,49925,0.048802853234829045
0.4,0.8,0.6,0.7,0.20332883,49925,0.047782799523417255
0.6,0.7,0.7,0.3,0.20333508,49925,0.04774990471746812
0.6,0.9,0.9,0.5,0.2033361,49925,0.04799680213515909
0.7,0.8,0.8,0.1,0.20333616,49925,0.04844048990569797
0.1,0.4,0.6,0.2,0.20333833,49925,0.048184794659660794
0.9,0.4,0.1,0.8,0.20334394,49925,0.03950397893086312
0.9,0.7,0.6,0.3,0.20334795,49925,0.046279887893327175
0.4,0.8,0.9,0.5,0.20334974,49925,0.04808394441184168
0.8,0.9,0.9,0.1,0.20335336,49925,0.048419010152099415
0.6,0.7,0.7,0.2,0.20335421,49925,0.04810932090813304
0.6,0.3,0.2,0.4,0.20335427,49925,0.04285264956250361
0.8,0.5,0.2,0.9,0.20336162,49925,0.04192961385114219
0.6,0.6,0.4,0.7,0.20336244,49925,0.04544920742598614
0.2,0.8,0.5,0.9,0.20336647,49925,0.04776999550798257
0.3,0.5,0.7,0.2,0.203377,49925,0.04775308759839224
0.8,0.9,0.9,0.3,0.20337889,49925,0.047878726020107114
0.9,0.9,0.7,0.7,0.20337988,49925,0.04640959547909725
0.3,0.4,0.5,0.1,0.20339233,49925,0.04809015369463204
0.5,0.6,0.6,0.3,0.20340362,49925,0.04765735939541051
0.7,0.9,0.9,0.5,0.20341153,49925,0.047682191508674164
0.9,0.8,0.7,0.4,0.20341589,49925,0.04673413378730365
0.3,0.8,0.7,0.6,0.20342405,49925,0.04855419755795095
0.1,0.5,0.7,0.3,0.20343176,49925,0.04830832074752444
0.3,0.6,0.9,0.1,0.20343554,49925,0.04841628536122893
0.1,0.9,0.6,0.9,0.20344,49925,0.048700711782568365
0.5,0.8,0.8,0.5,0.20344064,49925,0.04796862086219913
0.2,0.6,0.9,0.3,0.20345177,49925,0.04795234989955882
0.3,0.5,0.7,0.1,0.20346001,49925,0.04829681208369194
0.6,0.9,0.8,0.6,0.20346491,49925,0.047815616797232424
0.4,0.6,0.8,0.2,0.2034742,49925,0.047916299973261155
0.2,0.3,0.4,0.1,0.2034742,49925,0.047916299973261155
0.5,0.6,0.7,0.2,0.20347607,49925,0.0478359617523461
0.7,0.3,0.2,0.4,0.20347956,49925,0.04216373534918722
0.9,0.4,0.3,0.4,0.2034797,49925,0.04282527247726711
0.7,0.8,0.8,0.2,0.20347998,49925,0.048145244421142167
0.7,0.8,0.7,0.5,0.20349307,49925,0.047233121722628744
0.8,0.9,0.9,0.2,0.20349607,49925,0.04818058219328713
0.2,0.5,0.4,0.4,0.20350051,49925,0.04835624813821582
0.4,0.7,0.9,0.4,0.20350192,49925,0.04769676513210563
0.3,0.6,0.6,0.4,0.20352204,49925,0.04820844889154857
0.3,0.8,0.5,0.9,0.20352437,49925,0.04733643940649439
0.6,0.7,0.5,0.7,0.20352955,49925,0.04629789601681097
0.6,0.7,0.7,0.4,0.20352991,49925,0.04742716901425488
0.5,0.7,0.9,0.1,0.20353292,49925,0.048422331073059724
0.5,0.8,0.6,0.7,0.20353337,49925,0.047353755129739765
0.2,0.7,0.4,0.9,0.20353392,49925,0.04704632624074991
0.3,0.6,0.9,0.2,0.20353857,49925,0.0479571008591859
0.4,0.6,0.8,0.1,0.20353952,49925,0.0483819632102075
0.2,0.8,0.6,0.7,0.20354736,49925,0.04866392167096392
0.5,0.7,0.7,0.4,0.2035521,49925,0.04783577560862893
0.7,0.5,0.2,0.9,0.20355241,49925,0.0423309805243189
0.1,0.8,0.5,0.9,0.20355585,49925,0.048190703847799436
0.5,0.3,0.2,0.4,0.20356026,49925,0.0435821162074034
0.9,0.7,0.5,0.8,0.20356788,49925,0.044870886499799326
0.7,0.6,0.5,0.4,0.20356806,49925,0.04622746479138191
0.7,0.4,0.3,0.4,0.20357116,49925,0.04397506909940237
0.4,0.5,0.3,0.7,0.20357312,49925,0.0453764353988952
0.7,0.8,0.6,0.7,0.20358363,49925,0.04654469369690567
0.2,0.4,0.6,0.1,0.2035855,49925,0.048181196374670984
0.5,0.7,0.9,0.3,0.20358649,49925,0.04766131145253365
0.4,0.9,0.8,0.7,0.20359588,49925,0.048247391003510505
0.2,0.9,0.6,0.9,0.2036007,49925,0.048312867853083176
0.2,0.9,0.9,0.7,0.20360601,49925,0.04875483695668332
0.8,0.8,0.7,0.5,0.20360675,49925,0.04687496985376959
0.3,0.8,0.6,0.7,0.20360807,49925,0.048212132056036784
0.9,0.5,0.4,0.4,0.20361234,49925,0.04420549353272518
0.9,0.9,0.8,0.5,0.20361245,49925,0.04702226333812222
0.1,0.5,0.2,0.8,0.203624,49925,0.04554019526297794
0.3,0.5,0.6,0.3,0.20362632,49925,0.04773748263588735
0.6,0.7,0.8,0.1,0.20362684,49925,0.04830119626595248
0.5,0.8,0.9,0.5,0.20364285,49925,0.04776046164347577
0.8,0.9,0.9,0.5,0.20364362,49925,0.04736954898200436
0.1,0.9,0.9,0.7,0.20364927,49925,0.04908936686672518
0.6,0.7,0.8,0.3,0.2036507,49925,0.0475835467791262
0.5,0.7,0.6,0.5,0.2036523,49925,0.047530807540781435
0.4,0.5,0.6,0.2,0.20365652,49925,0.04769384376792767
0.7,0.4,0.2,0.7,0.20365891,49925,0.04225311755190835
0.6,0.4,0.3,0.4,0.20366071,49925,0.04461172119570524
0.8,0.9,0.9,0.4,0.2036646,49925,0.04761511397315604
0.7,0.5,0.4,0.4,0.20366602,49925,0.04525766310248413
0.5,0.9,0.9,0.6,0.20367005,49925,0.0480627576303766
0.6,0.8,0.6,0.7,0.20367287,49925,0.04694659398166767
0.1,0.6,0.4,0.6,0.20367438,49925,0.04851903738101074
0.2,0.8,0.9,0.6,0.20367724,49925,0.04847727489014672
0.5,0.6,0.7,0.1,0.20367746,49925,0.04825568668550794
0.3,0.9,0.8,0.7,0.20368329,49925,0.04860598355426075
0.1,0.6,0.8,0.4,0.20368363,49925,0.04839720811390997
0.1,0.8,0.9,0.6,0.20368558,49925,0.04881807886095767
0.2,0.5,0.7,0.3,0.20368764,49925,0.04781829542635435
0.2,0.4,0.2,0.6,0.2036888,49925,0.045508997794345606
0.3,0.6,0.3,0.9,0.2036888,49925,0.045508997794345606
0.1,0.2,0.1,0.3,0.2036888,49925,0.045508997794345606
0.3,0.5,0.4,0.4,0.20369141,49925,0.04769072843066164
0.3,0.6,0.7,0.4,0.20369218,49925,0.04791028541566165
0.1,0.5,0.3,0.6,0.20369875,49925,0.04765415727962097
0.5,0.6,0.4,0.7,0.20370619,49925,0.0459285840629923
0.8,0.7,0.5,0.8,0.20371614,49925,0.0452564656210219
0.3,0.7,0.7,0.5,0.20372418,49925,0.048304964413550575
0.7,0.8,0.8,0.4,0.20372732,49925,0.047529101843743274
0.5,0.7,0.5,0.7,0.20372793,49925,0.046732031760935544
0.4,0.5,0.6,0.1,0.20373473,49925,0.048189658663664904
0.5,0.4,0.3,0.4,0.20373602,49925,0.045278418891762304
0.7,0.8,0.9,0.1,0.20373738,49925,0.04832626323102997
0.5,0.5,0.4,0.4,0.20373853,49925,0.04641036796896849
0.5,0.7,0.8,0.4,0.2037403,49925,0.047620247914677755
0.8,0.4,0.2,0.7,0.2037468,49925,0.04178652157069452
0.9,0.7,0.6,0.4,0.20374772,49925,0.046079741654307414
0.8,0.6,0.5,0.4,0.20375231,49925,0.04574446822502086
0.8,0.7,0.6,0.4,0.20375785,49925,0.046502908095574225
0.6,0.7,0.8,0.2,0.20376071,49925,0.047920103418007294
0.4,0.5,0.4,0.4,0.20376427,49925,0.04702450394563089
0.3,0.4,0.1,0.8,0.20377764,49925,0.0423083109678014
0.3,0.8,0.8,0.6,0.20377962,49925,0.04837941940352396
0.4,0.8,0.7,0.6,0.20378149,49925,0.04816111237467762
0.8,0.8,0.6,0.8,0.2037841,49925,0.045969713516184105
0.4,0.4,0.3,0.4,0.2037841,49925,0.045969713516184105
0.1,0.6,0.5,0.5,0.20378484,49925,0.04904947798460209
0.3,0.7,0.8,0.5,0.20378597,49925,0.04804091049492222
0.6,0.5,0.2,0.9,0.20378895,49925,0.04274207534055508
0.7,0.8,0.9,0.3,0.20379668,49925,0.047682431426833725
0.7,0.8,0.9,0.2,0.20379812,49925,0.04800962623915008
0.2,0.5,0.8,0.1,0.20381331,49925,0.04835865007579154
0.1,0.8,0.6,0.7,0.20382309,49925,0.04909167731103009
0.3,0.4,0.5,0.2,0.2038268,49925,0.047496744907309506
0.5,0.8,0.7,0.6,0.20383689,49925,0.04775250765047015
0.1,0.7,0.9,0.5,0.20383754,49925,0.048449704507720064
0.9,0.4,0.2,0.7,0.20384337,49925,0.04135593273388109
0.1,0.3,0.4,0.2,0.20385095,49925,0.047973067441143435
0.2,0.6,0.8,0.4,0.20385095,49925,0.047973067441143435
0.7,0.9,0.8,0.6,0.20386326,49925,0.0474601388012143
0.1,0.5,0.5,0.4,0.20386423,49925,0.048763032288474555
0.7,0.5,0.3,0.8,0.20387697,49925,0.04360445692410841
0.5,0.5,0.5,0.1,0.20387836,49925,0.04784358188107305
0.4,0.6,0.8,0.3,0.20388052,49925,0.047524743542468086
0.3,0.8,0.9,0.6,0.2038913,49925,0.04814180538770321
0.4,0.7,0.5,0.7,0.20390034,49925,0.04719125403579087
0.9,0.8,0.6,0.8,0.2039026,49925,0.04560573912805373
0.4,0.5,0.5,0.3,0.20391113,49925,0.04752415997971226
0.7,0.2,0.1,0.3,0.20391738,49925,0.039262033570439024
0.7,0.9,0.7,0.8,0.20391798,49925,0.04688716629691554
0.6,0.7,0.6,0.5,0.20392835,49925,0.047082350637714175
0.3,0.3,0.2,0.4,0.2039374,49925,0.045212977954682446
0.6,0.6,0.4,0.8,0.2039374,49925,0.045212977954682446
0.7,0.7,0.7,0.1,0.2039426,49925,0.047968883254164534
0.9,0.8,0.7,0.5,0.20394373,49925,0.04650381850831982
0.6,0.4,0.2,0.7,0.20394385,49925,0.042745430189623686
0.6,0.5,0.4,0.4,0.20394444,49925,0.04583642182122183
0.6,0.6,0.6,0.1,0.20394452,49925,0.04792343712431235
0.3,0.6,0.8,0.4,0.2039546,49925,0.04757320927752436
0.9,0.9,0.8,0.6,0.20395511,49925,0.04679672500376032
0.1,0.2,0.3,0.1,0.20395513,49925,0.04757645800089155
0.2,0.4,0.6,0.2,0.20395513,49925,0.04757645800089155
0.3,0.6,0.9,0.3,0.20395513,49925,0.04757645800089156
0.9,0.6,0.5,0.4,0.20395537,49925,0.045267194945721456
0.6,0.7,0.9,0.2,0.20395772,49925,0.04768499511425064
0.9,0.6,0.4,0.8,0.20395856,49925,0.043976143381188625
0.6,0.9,0.7,0.8,0.20396116,49925,0.04724504281968258
0.3,0.9,0.9,0.7,0.20396239,49925,0.04842502988854679
0.2,0.7,0.9,0.5,0.2039685,49925,0.04809457332233224
0.9,0.9,0.7,0.8,0.20397834,49925,0.04621283677795254
0.8,0.5,0.4,0.4,0.20397846,49925,0.04473365702832969
0.4,0.9,0.7,0.8,0.20399357,49925,0.04798687163035103
0.4,0.6,0.4,0.7,0.20399508,49925,0.04641948719951874
0.8,0.6,0.4,0.8,0.20399708,49925,0.04438102513604771
0.4,0.3,0.2,0.4,0.20399708,49925,0.04438102513604771
0.5,0.6,0.7,0.3,0.20400351,49925,0.04744419065351513
0.8,0.8,0.8,0.3,0.2040106,49925,0.04745808542386876
0.7,0.3,0.1,0.6,0.20401639,49925,0.0400688274578893
0.9,0.9,0.9,0.2,0.20402396,49925,0.04778865566915039
0.3,0.6,0.5,0.5,0.20402674,49925,0.04796092924664915
0.6,0.8,0.8,0.5,0.20403202,49925,0.047618388791978786
0.2,0.2,0.2,0.1,0.2040395,49925,0.047192167890732425
0.4,0.4,0.4,0.2,0.2040395,49925,0.047192167890732425
0.8,0.8,0.8,0.4,0.2040395,49925,0.047192167890732425
0.6,0.6,0.6,0.3,0.2040395,49925,0.047192167890732425
0.9,0.9,0.9,0.4,0.20404577,49925,0.04730551459499071
0.8,0.3,0.1,0.6,0.20404652,49925,0.039545045410068515
0.8,0.9,0.8,0.6,0.20404701,49925,0.04710640641982678
0.7,0.7,0.7,0.3,0.20404956,49925,0.04734325597794116
0.7,0.7,0.7,0.2,0.20405187,49925,0.04766982472778731
0.9,0.5,0.3,0.8,0.20405558,49925,0.04277921029432462
0.3,0.5,0.7,0.3,0.20405583,49925,0.047354634720153756
0.9,0.3,0.2,0.4,0.2040573,49925,0.040920097167042424
0.9,0.9,0.9,0.1,0.20406152,49925,0.04800918925044958
0.2,0.9,0.7,0.8,0.20406403,49925,0.048727562585019805
0.4,0.7,0.7,0.5,0.20407663,49925,0.047908709717889505
0.8,0.8,0.8,0.1,0.20407689,49925,0.04799375010829699
0.5,0.9,0.7,0.8,0.20409434,49925,0.04760027617174989
0.8,0.7,0.6,0.5,0.20409882,49925,0.04626228024877055
0.7,0.8,0.8,0.5,0.20410292,49925,0.04727640199297089
0.3,0.7,0.5,0.7,0.20410682,49925,0.0476662970874301
0.6,0.8,0.7,0.6,0.20411062,49925,0.047373220398226744
0.5,0.5,0.2,0.9,0.20411219,49925,0.043177077364010864
0.4,0.6,0.6,0.4,0.20411856,49925,0.0477555064875732
0.2,0.3,0.3,0.2,0.20411856,49925,0.0477555064875732
0.6,0.9,0.9,0.6,0.20411856,49925,0.0477555064875732
0.1,0.7,0.6,0.6,0.20412016,49925,0.0490147103158742
0.7,0.7,0.6,0.5,0.2041268,49925,0.04665528304488378
0.8,0.8,0.8,0.2,0.20412868,49925,0.047742794329013925
0.4,0.4,0.4,0.1,0.20412868,49925,0.047742794329013925
0.4,0.6,0.7,0.4,0.20413187,49925,0.04750418519605796
0.2,0.6,0.5,0.5,0.20413415,49925,0.04850359288065543
0.4,0.6,0.9,0.1,0.20415162,49925,0.047988789568294034
0.2,0.4,0.4,0.3,0.20415182,49925,0.048023689475055864
0.4,0.8,0.8,0.6,0.20415182,49925,0.048023689475055864
0.9,0.4,0.3,0.5,0.20416209,49925,0.042773171925084875
0.1,0.4,0.2,0.6,0.20416285,49925,0.04623393658634647
0.9,0.9,0.9,0.3,0.20416336,49925,0.047557632010838014
0.3,0.3,0.3,0.1,0.20416336,49925,0.047557632010838014
0.6,0.6,0.6,0.2,0.20416336,49925,0.047557632010838014
0.5,0.5,0.5,0.2,0.20417377,49925,0.047408744182690886
0.7,0.6,0.4,0.8,0.20417419,49925,0.044783902716736206
0.7,0.8,0.6,0.8,0.20417795,49925,0.04634768416509157
0.9,0.8,0.8,0.1,0.20417938,49925,0.04753846033958951
0.3,0.7,0.9,0.5,0.20418759,49925,0.04774475945573062
0.4,0.9,0.9,0.7,0.20418966,49925,0.04811812144260594
0.6,0.8,0.9,0.5,0.20419306,49925,0.047461975093285744
0.3,0.9,0.7,0.8,0.20420319,49925,0.04834588737101493
0.8,0.9,0.7,0.8,0.20420504,49925,0.046538978998487496
0.2,0.5,0.8,0.2,0.20420724,49925,0.0478342123497019
0.5,0.6,0.8,0.2,0.20421298,49925,0.04752981526533195
0.8,0.5,0.3,0.8,0.20422176,49925,0.04317490423940347
0.6,0.7,0.9,0.3,0.20422441,49925,0.04734788321442059
0.7,0.8,0.9,0.4,0.20422687,49925,0.047405941988719724
0.3,0.5,0.3,0.7,0.20423296,49925,0.04592178427322239
0.1,0.9,0.7,0.8,0.20423624,49925,0.04908898853298844
0.7,0.7,0.5,0.8,0.20423685,49925,0.04564909365135985
0.2,0.5,0.5,0.4,0.2042389,49925,0.04817644477266237
0.3,0.5,0.8,0.1,0.2042419,49925,0.04786069999486169
0.2,0.6,0.3,0.9,0.20424321,49925,0.045996049037293034
0.1,0.8,0.7,0.7,0.20424591,49925,0.048992467333221705
0.5,0.7,0.9,0.4,0.20425381,49925,0.04737093325443721
0.5,0.3,0.1,0.6,0.20426472,49925,0.04120549518372576
0.2,0.7,0.6,0.6,0.2042706,49925,0.04857620320049445
0.5,0.9,0.8,0.7,0.20427795,49925,0.047917952844769046
0.2,0.4,0.1,0.8,0.20428422,49925,0.042825823329779265
0.1,0.4,0.5,0.3,0.20428644,49925,0.048195444951588055
0.4,0.6,0.9,0.3,0.20430675,49925,0.04721204462527234
0.4,0.3,0.1,0.6,0.20431688,49925,0.04181122208249331
0.1,0.7,0.4,0.9,0.20432341,49925,0.047498021892333465
0.4,0.6,0.9,0.2,0.20432554,49925,0.04758785044290587
0.3,0.4,0.6,0.1,0.20432708,49925,0.04758732365246321
0.6,0.5,0.3,0.8,0.20432761,49925,0.04403690556752211
0.6,0.7,0.8,0.4,0.20433469,49925,0.047262984736180284
0.9,0.8,0.6,0.9,0.20434122,49925,0.04543832237063381
0.3,0.6,0.4,0.7,0.20434797,49925,0.046936911878239035
0.1,0.4,0.7,0.1,0.20435144,49925,0.048246102416402
0.1,0.3,0.5,0.1,0.2043526,49925,0.04799178477366511
0.6,0.7,0.9,0.1,0.20435515,49925,0.048035149921437315
0.6,0.9,0.8,0.7,0.2043848,49925,0.04756700245309372
0.9,0.7,0.6,0.5,0.20439169,49925,0.04587537018419512
0.2,0.6,0.6,0.5,0.20439203,49925,0.04828970843726656
0.5,0.6,0.6,0.4,0.20439257,49925,0.04729950234448852
0.1,0.5,0.6,0.4,0.20439468,49925,0.048325159896753664
0.4,0.5,0.7,0.2,0.20439748,49925,0.04731501400118755
0.7,0.9,0.9,0.6,0.20440066,49925,0.04744354456209153
0.1,0.6,0.6,0.5,0.20440085,49925,0.048768426381588736
0.7,0.7,0.7,0.4,0.2044028,49925,0.04704314387839623
0.6,0.3,0.1,0.6,0.20440525,49925,0.04061628493261401
0.5,0.6,0.8,0.1,0.20440683,49925,0.04794902568606163
0.8,0.7,0.7,0.1,0.20440724,49925,0.04746185308390791
0.4,0.6,0.5,0.5,0.20440897,49925,0.04741996667261129
0.9,0.9,0.7,0.9,0.20440987,49925,0.046048669564642014
0.9,0.9,0.9,0.5,0.20442042,49925,0.0470712208771196
0.1,0.6,0.9,0.4,0.20443037,49925,0.048030703165560025
0.2,0.8,0.7,0.7,0.20443743,49925,0.048622658932417295
0.9,0.8,0.8,0.2,0.20446466,49925,0.047344188521316465
0.5,0.9,0.9,0.7,0.204465,49925,0.04781909994126839
0.4,0.5,0.7,0.1,0.20446905,49925,0.0478119992526563
0.2,0.6,0.9,0.4,0.20447066,49925,0.047653614261169715
0.2,0.7,0.5,0.7,0.20448099,49925,0.04815522039099824
0.8,0.4,0.3,0.5,0.20449042,49925,0.04327796938251418
0.2,0.5,0.8,0.3,0.20449945,49925,0.04744436825848021
0.7,0.8,0.7,0.6,0.20450488,49925,0.04698291730743694
0.8,0.8,0.7,0.6,0.20450653,49925,0.046616497463355895
0.4,0.7,0.6,0.6,0.20451038,49925,0.047685978612733645
0.4,0.5,0.2,0.9,0.2045157,49925,0.043610149913631956
0.5,0.5,0.5,0.3,0.20454219,49925,0.04699106145300182
0.4,0.7,0.8,0.5,0.204548,49925,0.04768701041463579
0.5,0.6,0.5,0.5,0.20455086,49925,0.04691384122276325
0.3,0.7,0.6,0.6,0.20455636,49925,0.04812742646439005
0.5,0.8,0.6,0.8,0.20456137,49925,0.04709541157407004
0.2,0.5,0.9,0.1,0.20456441,49925,0.04792420801095257
0.5,0.4,0.2,0.7,0.2045746,49925,0.043247735529886894
0.3,0.4,0.3,0.4,0.20457679,49925,0.04671069392385115
0.6,0.8,0.6,0.8,0.20457679,49925,0.04671069392385115
0.8,0.4,0.1,0.9,0.20458001,49925,0.03980274505979654
0.5,0.6,0.8,0.3,0.20458022,49925,0.04716796631190376
0.4,0.5,0.6,0.3,0.20458311,49925,0.04728605985636208
0.5,0.6,0.4,0.8,0.20458779,49925,0.04565870280899502
0.4,0.8,0.9,0.6,0.20458896,49925,0.047823222444634834
0.9,0.8,0.7,0.6,0.20459062,49925,0.0462825345300501
0.8,0.9,0.9,0.6,0.20459166,49925,0.047154853150244876
0.6,0.4,0.1,0.9,0.20459555,49925,0.04060394038500372
0.7,0.9,0.8,0.7,0.20460007,49925,0.04724120289326428
0.6,0.6,0.5,0.5,0.20460698,49925,0.046420321289347546
0.9,0.3,0.1,0.6,0.20461132,49925,0.03904577398059764
0.5,0.7,0.8,0.5,0.20461449,49925,0.047354784730586234
0.5,0.7,0.7,0.5,0.20461519,49925,0.0475230725190241
0.7,0.6,0.6,0.1,0.20461534,49925,0.04734967656292081
0.2,0.4,0.5,0.3,0.20461543,49925,0.04757843065496314
0.1,0.9,0.8,0.8,0.20461549,49925,0.048976539444569964
0.8,0.8,0.9,0.3,0.20461845,49925,0.047350945410816504
0.8,0.6,0.5,0.5,0.20462428,49925,0.045508781667142714
0.1,0.5,0.8,0.3,0.20462567,49925,0.04787966782142183
0.3,0.6,0.9,0.4,0.20463003,49925,0.04728194387921051
0.3,0.5,0.2,0.9,0.20463273,49925,0.04406702236836534
0.8,0.9,0.7,0.9,0.20463966,49925,0.04636547795606377
0.8,0.7,0.7,0.2,0.20463994,49925,0.047227295808366494
0.4,0.7,0.9,0.5,0.20464522,49925,0.0474158948365032
0.8,0.7,0.7,0.3,0.20464951,49925,0.04695137041382617
0.1,0.5,0.9,0.1,0.20465502,49925,0.048410973573458804
0.9,0.6,0.4,0.9,0.20466559,49925,0.04380737513150054
0.2,0.9,0.8,0.8,0.20466585,49925,0.04864630622495259
0.9,0.8,0.8,0.3,0.20466879,49925,0.04711121466898832
0.2,0.7,0.7,0.6,0.2046712,49925,0.0483670683009544
0.5,0.8,0.8,0.6,0.20467123,49925,0.047692806691830805
0.7,0.4,0.1,0.9,0.20467666,49925,0.04019679041627926
0.7,0.7,0.8,0.3,0.20468223,49925,0.047225025395373314
0.8,0.6,0.4,0.9,0.20468311,49925,0.04418197989484158
0.3,0.8,0.7,0.7,0.20469275,49925,0.048239436414654835
0.8,0.8,0.8,0.5,0.20469663,49925,0.046950559813284914
0.6,0.6,0.6,0.4,0.20469914,49925,0.046873752070825725
0.3,0.3,0.3,0.2,0.20469914,49925,0.046873752070825725
0.9,0.9,0.9,0.6,0.20469914,49925,0.04687375207082572
0.7,0.8,0.9,0.5,0.2047102,49925,0.0471436490142656
0.1,0.7,0.5,0.7,0.20471181,49925,0.04862746770813493
0.7,0.5,0.4,0.5,0.20471688,49925,0.04503092300831692
0.1,0.7,0.7,0.6,0.20471905,49925,0.04878608795315482
0.2,0.6,0.4,0.7,0.2047263,49925,0.047459298077795954
0.8,0.5,0.4,0.5,0.20473137,49925,0.04453644426931404
0.6,0.7,0.9,0.4,0.20473254,49925,0.047048349129018834
0.8,0.8,0.6,0.9,0.20473361,49925,0.04577461385832529
0.8,0.8,0.9,0.2,0.20473492,49925,0.04765095653402819
0.7,0.7,0.9,0.1,0.20473535,49925,0.047673804008445585
0.3,0.6,0.6,0.5,0.20474005,49925,0.047832580144907794
0.6,0.5,0.4,0.5,0.20474103,49925,0.045557308906231185
0.6,0.5,0.5,0.1,0.20475326,49925,0.0471927408701455
0.8,0.9,0.8,0.7,0.20475928,49925,0.046912280584452314
0.3,0.5,0.5,0.4,0.20476969,49925,0.047649564528857116
0.6,0.6,0.7,0.1,0.20476975,49925,0.04781997077375366
0.1,0.6,0.4,0.7,0.20477574,49925,0.047984824913354825
0.9,0.5,0.4,0.5,0.20477754,49925,0.044071959270728114
0.2,0.5,0.6,0.4,0.20478068,49925,0.047828550017379824
0.1,0.6,0.7,0.5,0.20480207,49925,0.04840316922686514
0.4,0.8,0.7,0.7,0.20480376,49925,0.04786623879216372
0.9,0.9,0.8,0.7,0.20480534,49925,0.046589405716881756
0.2,0.6,0.7,0.5,0.2048094,49925,0.047989671343426195
0.7,0.6,0.5,0.5,0.20481013,49925,0.04595682488125021
0.1,0.8,0.8,0.7,0.20481202,49925,0.04878844524550063
0.3,0.5,0.8,0.2,0.20481831,49925,0.047359323157544375
0.6,0.6,0.7,0.2,0.20481865,49925,0.04740046254450896
0.5,0.6,0.9,0.2,0.20482132,49925,0.04722895127968411
0.9,0.6,0.5,0.5,0.2048327,49925,0.04507254335375033
0.1,0.7,0.8,0.6,0.20483524,49925,0.04846734467201717
0.7,0.4,0.3,0.5,0.20483695,49925,0.043832159083809
0.2,0.4,0.3,0.4,0.20483768,49925,0.04748690101696821
0.4,0.8,0.6,0.8,0.20483768,49925,0.04748690101696821
0.6,0.9,0.7,0.9,0.20483951,49925,0.04702053726303507
0.6,0.7,0.5,0.8,0.20483962,49925,0.04604607208996105
0.4,0.4,0.5,0.1,0.20484206,49925,0.047473437016831634
0.1,0.9,0.9,0.8,0.20484278,49925,0.04879979327080701
0.7,0.9,0.7,0.9,0.20484437,49925,0.04669264379155864
0.2,0.8,0.6,0.8,0.20484576,49925,0.048297511750237505
0.1,0.4,0.3,0.4,0.20484576,49925,0.048297511750237505
0.2,0.4,0.7,0.1,0.20485105,49925,0.04764953229753725
0.5,0.5,0.4,0.5,0.20485952,49925,0.04609581920595797
0.5,0.5,0.3,0.8,0.20486304,49925,0.04448930919037351
0.3,0.4,0.6,0.2,0.2048668,49925,0.047049918004290446
0.9,0.8,0.8,0.4,0.20486975,49925,0.04685104242364715
0.1,0.6,0.3,0.9,0.20487416,49925,0.04647944954740781
0.5,0.8,0.9,0.6,0.20488074,49925,0.04753130057269377
0.6,0.5,0.5,0.2,0.2048819,49925,0.04685121414659896
0.3,0.3,0.4,0.1,0.2048838,49925,0.0471632300402439
0.6,0.6,0.8,0.2,0.2048838,49925,0.0471632300402439
0.5,0.6,0.9,0.1,0.20489201,49925,0.04759999611445636
0.1,0.5,0.9,0.2,0.20489442,49925,0.04787278107399816
0.6,0.6,0.8,0.1,0.20489667,49925,0.04754882192424948
0.2,0.3,0.5,0.1,0.20489752,49925,0.04724728437109378
0.7,0.7,0.6,0.6,0.2048989,49925,0.046431609259608854
0.7,0.7,0.8,0.2,0.20490292,49925,0.04754343325424404
0.5,0.5,0.6,0.2,0.20490819,49925,0.047219184583860464
0.9,0.7,0.5,0.9,0.20491487,49925,0.044714626949829715
0.3,0.7,0.7,0.6,0.2049178,49925,0.04796951197705454
0.2,0.3,0.4,0.2,0.20491946,49925,0.04720181635637623
0.4,0.6,0.8,0.4,0.20491946,49925,0.04720181635637623
0.8,0.8,0.9,0.4,0.20492484,49925,0.04708871987151713
0.7,0.7,0.8,0.4,0.20492521,49925,0.04693986627037727
0.1,0.4,0.1,0.8,0.20493369,49925,0.04333037703806831
0.5,0.7,0.6,0.6,0.20493463,49925,0.047240050535007405
0.5,0.7,0.5,0.8,0.20493712,49925,0.04645862047776
0.6,0.6,0.7,0.3,0.20493954,49925,0.04705519509561265
0.7,0.6,0.6,0.3,0.20494242,49925,0.04674466442449957
0.4,0.7,0.5,0.8,0.20494251,49925,0.04688445166120707
0.7,0.7,0.8,0.1,0.20494291,49925,0.047901204126274265
0.5,0.8,0.7,0.7,0.2049433,49925,0.047489705925550046
0.7,0.6,0.6,0.2,0.20494728,49925,0.04706691258647876
0.5,0.6,0.7,0.4,0.20494749,49925,0.04713452061875427
0.4,0.5,0.8,0.1,0.2049516,49925,0.0474064329848095
0.5,0.5,0.6,0.1,0.20495616,49925,0.047668264322231084
0.7,0.6,0.4,0.9,0.20495656,49925,0.04455990067252354
0.2,0.5,0.9,0.2,0.2049569,49925,0.04745969483125703
0.1,0.8,0.9,0.7,0.20495906,49925,0.04850370609708439
0.3,0.8,0.8,0.7,0.20495969,49925,0.04807663609589121
0.6,0.7,0.7,0.5,0.20496055,49925,0.047146921727312927
0.2,0.8,0.8,0.7,0.20496383,49925,0.04843259699138315
0.5,0.4,0.1,0.9,0.20496649,49925,0.04102735841017483
0.8,0.8,0.9,0.1,0.20497511,49925,0.04795673734998118
0.8,0.7,0.5,0.9,0.20499198,49925,0.04507365603535388
0.4,0.6,0.4,0.8,0.20499296,49925,0.046107776077237664
0.2,0.3,0.2,0.4,0.20499296,49925,0.046107776077237664
0.6,0.8,0.8,0.6,0.20501098,49925,0.04735606161768761
0.3,0.4,0.4,0.3,0.20501098,49925,0.04735606161768761
0.3,0.9,0.8,0.8,0.20501336,49925,0.04832512741173752
0.1,0.8,0.6,0.8,0.2050134,49925,0.04870631286565464
0.4,0.5,0.8,0.2,0.20501885,49925,0.046968813285490206
0.3,0.8,0.6,0.8,0.20502058,49925,0.04790292128822043
0.3,0.3,0.1,0.6,0.20502087,49925,0.04245538943283478
0.9,0.7,0.7,0.1,0.20502192,49925,0.04698655602308299
0.6,0.7,0.6,0.6,0.20502417,49925,0.04682557117998084
0.7,0.7,0.9,0.3,0.20502862,49925,0.04703451639901697
0.6,0.9,0.9,0.7,0.20502928,49925,0.04751786504881374
0.2,0.5,0.3,0.7,0.20502947,49925,0.04649390558054073
0.5,0.9,0.8,0.8,0.20503727,49925,0.04766250681697249
0.4,0.9,0.8,0.8,0.20505306,49925,0.047988203925781486
0.6,0.8,0.7,0.7,0.20505503,49925,0.04711338442232552
0.6,0.8,0.9,0.6,0.205066,49925,0.04722129640693547
0.6,0.6,0.8,0.3,0.20506646,49925,0.04682723567642098
0.8,0.6,0.6,0.1,0.20507349,49925,0.046811308362370865
0.4,0.8,0.8,0.7,0.20507379,49925,0.0477547308858185
0.4,0.5,0.7,0.3,0.2050738,49925,0.04693568300045191
0.4,0.4,0.5,0.2,0.20507768,49925,0.04694134263766184
0.8,0.7,0.6,0.6,0.20508242,49925,0.04603863141513648
0.5,0.6,0.9,0.3,0.20508617,49925,0.046890573315747586
0.3,0.5,0.8,0.3,0.20509289,49925,0.04702076857504391
0.9,0.4,0.1,0.9,0.20510322,49925,0.039428252386806424
0.1,0.6,0.8,0.5,0.20510396,49925,0.04803430702175274
0.5,0.7,0.9,0.5,0.20510474,49925,0.047122419430047004
0.1,0.4,0.7,0.2,0.20511118,49925,0.047658240436523204
0.4,0.6,0.9,0.4,0.20511448,49925,0.04694170762504195
0.2,0.7,0.8,0.6,0.2051166,49925,0.04810967369560285
0.5,0.5,0.7,0.2,0.2051216,49925,0.046923618876724485
0.3,0.9,0.9,0.8,0.20512357,49925,0.04816556914789807
0.8,0.7,0.7,0.4,0.20512526,49925,0.04666121423977271
0.7,0.7,0.9,0.2,0.20512635,49925,0.04733258516869471
0.4,0.9,0.9,0.8,0.2051424,49925,0.04786566242578428
0.6,0.4,0.3,0.5,0.20514992,49925,0.04437063145226075
0.1,0.4,0.6,0.3,0.20516233,49925,0.04766577364525844
0.4,0.7,0.7,0.6,0.20516284,49925,0.047589185066148273
0.5,0.9,0.9,0.8,0.20516348,49925,0.047567292229112955
0.1,0.7,0.9,0.6,0.20516743,49925,0.04814730847503266
0.5,0.4,0.3,0.5,0.20516856,49925,0.044973813801985126
0.6,0.7,0.8,0.5,0.20517279,49925,0.04701698773809893
0.9,0.8,0.8,0.5,0.20517498,49925,0.04662334016858172
0.6,0.9,0.8,0.8,0.20517777,49925,0.04733680926205545
0.7,0.9,0.8,0.8,0.20518538,49925,0.04701312996543617
0.7,0.7,0.7,0.5,0.20520078,49925,0.04678557802101361
0.5,0.9,0.7,0.9,0.20520179,49925,0.04734927701186228
0.1,0.9,0.7,0.9,0.20520383,49925,0.0487567551051801
0.7,0.7,0.5,0.9,0.2052084,49925,0.045432238434835896
0.2,0.9,0.7,0.9,0.20521936,49925,0.04840735243818374
0.2,0.8,0.9,0.7,0.20522259,49925,0.048189911058622685
0.9,0.7,0.6,0.6,0.20522779,49925,0.045651990805679395
0.2,0.9,0.9,0.8,0.20522943,49925,0.0484640773023081
0.4,0.4,0.2,0.7,0.20523226,49925,0.043790155264816874
0.2,0.7,0.9,0.6,0.20523398,49925,0.04781151670920273
0.8,0.8,0.9,0.5,0.2052347,49925,0.04687004845738701
0.8,0.8,0.7,0.7,0.20524397,49925,0.04643097468410032
0.7,0.8,0.6,0.9,0.20525113,49925,0.046131219953968655
0.2,0.5,0.7,0.4,0.20525545,49925,0.047441682553576704
0.7,0.8,0.8,0.6,0.20525858,49925,0.04703255926780603
0.4,0.6,0.6,0.5,0.20525903,49925,0.0474026802811428
0.5,0.4,0.4,0.1,0.20526047,49925,0.046956133607657
0.3,0.7,0.8,0.6,0.20526145,49925,0.04774100509448585
0.7,0.7,0.9,0.4,0.20526707,49925,0.04677209328737966
0.9,0.5,0.3,0.9,0.20526752,49925,0.042614536444503
0.2,0.4,0.7,0.2,0.20527336,49925,0.04715205243764503
0.5,0.5,0.6,0.3,0.20527884,49925,0.04682508273464241
0.2,0.4,0.6,0.3,0.20527917,49925,0.04715413859000246
0.6,0.6,0.5,0.6,0.2052968,49925,0.0461697771282161
0.4,0.5,0.4,0.5,0.20530695,49925,0.046653458270010835
0.3,0.9,0.7,0.9,0.2053133,49925,0.048057734550667246
0.9,0.8,0.9,0.2,0.20531493,49925,0.04732125867396381
0.6,0.6,0.4,0.9,0.20531502,49925,0.0449582667548821
0.4,0.9,0.7,0.9,0.20531517,49925,0.04770555885562196
0.9,0.5,0.4,0.6,0.20532244,49925,0.04392260465119671
0.1,0.5,0.7,0.4,0.20532891,49925,0.047882259728703434
0.3,0.4,0.7,0.1,0.20533036,49925,0.04713125861641797
0.7,0.8,0.7,0.7,0.20533352,49925,0.046760598107826366
0.4,0.5,0.3,0.8,0.20533425,49925,0.044979689943921985
0.4,0.4,0.4,0.3,0.20533787,49925,0.04671327103547482
0.8,0.8,0.8,0.6,0.20533787,49925,0.04671327103547482
0.9,0.4,0.2,0.8,0.20533794,49925,0.041237847320375484
0.8,0.5,0.3,0.9,0.20534068,49925,0.04296876096093183
0.9,0.8,0.7,0.7,0.20534173,49925,0.046098618746846814
0.6,0.5,0.5,0.3,0.20534255,49925,0.04645472696142841
0.9,0.7,0.7,0.3,0.20534606,49925,0.04656726942723198
0.3,0.7,0.5,0.8,0.20535165,49925,0.0473202762962701
0.3,0.5,0.4,0.5,0.20535222,49925,0.04725381110865319
0.7,0.9,0.9,0.7,0.20535488,49925,0.047234802058269396
0.9,0.8,0.9,0.3,0.20536157,49925,0.04705622533948545
0.6,0.6,0.9,0.2,0.20536315,49925,0.04689272252034787
0.3,0.4,0.5,0.3,0.20536485,49925,0.04705234833016162
0.5,0.4,0.4,0.2,0.20536652,49925,0.04652244877943211
0.9,0.7,0.7,0.2,0.20537257,49925,0.046795175095285746
0.2,0.5,0.2,0.9,0.20537388,49925,0.04452205074444174
0.7,0.5,0.5,0.1,0.2053763,49925,0.04657526919470867
0.6,0.7,0.5,0.9,0.20537733,49925,0.04579849843620331
0.3,0.5,0.6,0.4,0.20538092,49925,0.04735454726239216
0.5,0.5,0.7,0.1,0.20539288,49925,0.04736099942285358
0.8,0.6,0.5,0.6,0.20539534,49925,0.04529745372814559
0.8,0.9,0.9,0.7,0.20540051,49925,0.0469439978000401
0.3,0.6,0.7,0.5,0.20540799,49925,0.04756784611980182
0.5,0.3,0.2,0.5,0.20541461,49925,0.04327881232756602
0.7,0.6,0.5,0.6,0.20541637,49925,0.04571904796082553
0.4,0.6,0.7,0.5,0.20542315,49925,0.04720371095710635
0.1,0.5,0.4,0.5,0.20542692,49925,0.04846277004813139
0.2,0.7,0.5,0.8,0.20542893,49925,0.04775772872317379
0.7,0.6,0.6,0.4,0.20542985,49925,0.04643865698575651
0.3,0.5,0.9,0.1,0.20544282,49925,0.047476964163974955
0.8,0.7,0.8,0.3,0.20544818,49925,0.04689262722490527
0.3,0.5,0.9,0.2,0.20545304,49925,0.04705984527783845
0.5,0.6,0.8,0.4,0.20546412,49925,0.04687963497761885
0.2,0.3,0.1,0.6,0.20546475,49925,0.04312971411293343
0.3,0.8,0.9,0.7,0.20547663,49925,0.04786640677285095
0.9,0.6,0.6,0.1,0.2054798,49925,0.04628662261351167
0.8,0.2,0.1,0.3,0.20548798,49925,0.03853125102748073
0.1,0.3,0.5,0.2,0.20549893,49925,0.04734480454592884
0.9,0.8,0.9,0.4,0.20549957,49925,0.04680627219344555
0.8,0.9,0.8,0.8,0.20550168,49925,0.046717072028346615
0.9,0.6,0.5,0.6,0.20550369,49925,0.044886290303886474
0.6,0.6,0.7,0.4,0.20550415,49925,0.04675092905210563
0.5,0.8,0.8,0.7,0.20550711,49925,0.047414827310549856
0.7,0.8,0.9,0.6,0.20551768,49925,0.04693159864017524
0.4,0.4,0.6,0.1,0.20553313,49925,0.04705875458729507
0.8,0.4,0.2,0.8,0.20553565,49925,0.041643760857622315
0.4,0.2,0.1,0.4,0.20553565,49925,0.041643760857622315
0.8,0.7,0.8,0.2,0.20553565,49925,0.04716967760958787
0.6,0.3,0.2,0.5,0.20553961,49925,0.042649255123721655
0.4,0.4,0.1,0.9,0.20554204,49925,0.04146061790514814
0.4,0.5,0.5,0.4,0.20554319,49925,0.047141598717045444
0.4,0.7,0.8,0.6,0.20555031,49925,0.0474117488272528
0.5,0.8,0.9,0.7,0.20555069,49925,0.04728828719205588
0.9,0.9,0.8,0.8,0.20555413,49925,0.04642203310249213
0.4,0.3,0.2,0.5,0.20556158,49925,0.04395772021613375
0.3,0.6,0.4,0.8,0.20556344,49925,0.046554095890276224
0.3,0.5,0.7,0.4,0.20558347,49925,0.0470352757638613
0.4,0.4,0.6,0.2,0.20558654,49925,0.046571448912574864
0.2,0.2,0.3,0.1,0.20558654,49925,0.046571448912574864
0.6,0.6,0.9,0.3,0.20558654,49925,0.04657144891257485
0.6,0.8,0.6,0.9,0.20559071,49925,0.0464716604946865
0.5,0.2,0.1,0.4,0.20559438,49925,0.04084785714788739
0.1,0.7,0.5,0.8,0.20559812,49925,0.04818865073733166
0.4,0.3,0.3,0.1,0.20560126,49925,0.04657050624588541
0.8,0.6,0.6,0.2,0.20560126,49925,0.04657050624588541
0.5,0.6,0.5,0.6,0.20561375,49925,0.04662231415870702
0.1,0.6,0.5,0.6,0.20561484,49925,0.04855978622055031
0.9,0.8,0.9,0.5,0.20561506,49925,0.04658496473415152
0.2,0.6,0.8,0.5,0.2056171,49925,0.04765171344133051
0.8,0.6,0.6,0.3,0.20564087,49925,0.04630883659658492
0.2,0.3,0.5,0.2,0.20564242,49925,0.046687779349984644
0.1,0.8,0.7,0.8,0.20564556,49925,0.0486239876971784
0.1,0.7,0.6,0.7,0.20565891,49925,0.04860094616409312
0.4,0.6,0.5,0.6,0.20566092,49925,0.04709933946148179
0.3,0.6,0.8,0.5,0.20566615,49925,0.04729426819733633
0.2,0.5,0.4,0.5,0.20568389,49925,0.04785558073280724
0.7,0.7,0.6,0.7,0.20568395,49925,0.04621086452211315
0.5,0.7,0.7,0.6,0.20568605,49925,0.04724393313623438
0.6,0.7,0.9,0.5,0.2056876,49925,0.046830776494708265
0.3,0.7,0.9,0.6,0.205701,49925,0.04749514989763389
0.4,0.8,0.9,0.7,0.20570207,49925,0.0475544543015928
0.6,0.9,0.9,0.8,0.20570472,49925,0.04728928874339181
0.7,0.3,0.2,0.5,0.20570537,49925,0.042072062132628464
0.6,0.7,0.6,0.7,0.20571327,49925,0.046593457676441664
0.9,0.8,0.9,0.1,0.20571987,49925,0.04758993584827088
0.8,0.7,0.8,0.4,0.20572105,49925,0.04661033881417143
0.8,0.7,0.9,0.3,0.20572169,49925,0.046743643500133665
0.2,0.7,0.6,0.7,0.20572238,49925,0.048196151958215076
0.8,0.5,0.4,0.6,0.20572639,49925,0.04436484038585356
0.8,0.7,0.9,0.2,0.20573586,49925,0.04700212020635301
0.4,0.5,0.9,0.1,0.20573719,49925,0.04708191150154348
0.8,0.3,0.2,0.5,0.20573787,49925,0.041506223261892454
0.7,0.6,0.7,0.3,0.20574193,49925,0.046664121799109434
0.7,0.5,0.3,0.9,0.20575865,49925,0.04335106239048256
0.1,0.5,0.3,0.7,0.20576245,49925,0.0470490454565598
0.4,0.8,0.6,0.9,0.2057652,49925,0.04720223671363869
0.1,0.9,0.8,0.9,0.20576653,49925,0.048644358189044355
0.3,0.4,0.1,0.9,0.20576777,49925,0.0418650031555848
0.3,0.4,0.2,0.7,0.2057728,49925,0.04433760647057804
0.6,0.4,0.4,0.1,0.20577925,49925,0.04621571070672206
0.7,0.6,0.7,0.1,0.20577927,49925,0.047357125666216845
0.4,0.4,0.3,0.5,0.20578203,49925,0.04558743734933449
0.8,0.8,0.9,0.6,0.20578358,49925,0.046661405253044894
0.5,0.6,0.9,0.4,0.20578825,49925,0.04661837441890674
0.7,0.7,0.8,0.5,0.20579083,49925,0.04669492882808269
0.9,0.9,0.9,0.7,0.20579289,49925,0.04666801382443536
0.8,0.7,0.8,0.1,0.20579451,49925,0.04749035242265389
0.6,0.8,0.8,0.7,0.20579717,49925,0.04711595835267031
0.5,0.6,0.4,0.9,0.2058061,49925,0.04535834644287104
0.9,0.4,0.3,0.6,0.20580785,49925,0.04266438633502211
0.7,0.6,0.7,0.2,0.20581566,49925,0.047003398336671005
0.9,0.7,0.7,0.4,0.20582247,49925,0.0463034016917696
0.6,0.6,0.9,0.1,0.205829,49925,0.047261522193413896
0.3,0.8,0.6,0.9,0.20583254,49925,0.04758614942003722
0.2,0.6,0.5,0.6,0.20583792,49925,0.04805997748953685
0.2,0.8,0.7,0.8,0.20583963,49925,0.04828440514496615
0.8,0.5,0.5,0.1,0.20584625,49925,0.045976286732458266
0.6,0.5,0.6,0.2,0.20584723,49925,0.04675061354712936
0.5,0.7,0.6,0.7,0.20584899,49925,0.04698484130623587
0.7,0.4,0.2,0.8,0.20586155,49925,0.042059057222472766
0.8,0.7,0.7,0.5,0.2058664,49925,0.046416707985287436
0.5,0.8,0.6,0.9,0.20587909,49925,0.04684145834675695
0.8,0.7,0.6,0.7,0.20587957,49925,0.045826646731761775
0.4,0.5,0.8,0.3,0.2058822,49925,0.0466273342436115
0.3,0.6,0.5,0.6,0.20589659,49925,0.04757500170140274
0.7,0.6,0.8,0.2,0.205897,49925,0.046793006243335204
0.5,0.7,0.8,0.6,0.20591272,49925,0.047096652879605724
0.6,0.5,0.6,0.1,0.20591626,49925,0.04717785058599105
0.7,0.5,0.4,0.6,0.20591919,49925,0.04481797140161173
0.5,0.5,0.7,0.3,0.20592456,49925,0.04654981295159055
0.5,0.7,0.5,0.9,0.20592552,49925,0.04617193160116062
0.5,0.5,0.5,0.4,0.20592982,49925,0.04664037130247972
0.9,0.3,0.2,0.5,0.20593455,49925,0.040962202953941665
0.4,0.7,0.5,0.9,0.20593694,49925,0.04656415896364406
0.4,0.5,0.6,0.4,0.20593798,49925,0.046933872220885006
0.2,0.8,0.6,0.9,0.20594463,49925,0.047951289289095395
0.9,0.8,0.7,0.8,0.20596634,49925,0.04591733089271253
0.5,0.6,0.6,0.5,0.20597333,49925,0.04698606776106176
0.7,0.9,0.9,0.8,0.20597461,49925,0.0470220838926806
0.7,0.6,0.9,0.1,0.20599926,49925,0.0469106242198766
0.9,0.7,0.8,0.3,0.20599943,49925,0.04657224211535873
0.1,0.9,0.9,0.9,0.2059995,49925,0.048473715950738926
0.2,0.5,0.9,0.3,0.20600034,49925,0.04709179687075334
0.7,0.5,0.5,0.2,0.2060024,49925,0.04630297953817232
0.5,0.5,0.8,0.2,0.20600775,49925,0.04660755107318876
0.8,0.8,0.7,0.8,0.20601556,49925,0.046238708293316826
0.3,0.4,0.7,0.2,0.20601793,49925,0.046661549542300104
0.4,0.7,0.9,0.6,0.20602477,49925,0.04719311919893088
0.9,0.7,0.6,0.7,0.20602678,49925,0.045465187330494
0.7,0.8,0.7,0.8,0.20603268,49925,0.04656191678920031
0.9,0.8,0.8,0.6,0.20603523,49925,0.046399947386258925
0.2,0.9,0.9,0.9,0.20603949,49925,0.04819575013560143
0.2,0.9,0.8,0.9,0.20604686,49925,0.04833958953670089
0.6,0.5,0.7,0.1,0.20605993,49925,0.046915124425238514
0.2,0.6,0.9,0.5,0.20606187,49925,0.04734100897211877
0.1,0.8,0.8,0.8,0.20607245,49925,0.04843662244671067
0.3,0.9,0.8,0.9,0.20608047,49925,0.048033979996810805
0.3,0.8,0.7,0.8,0.20609263,49925,0.04792548491543461
0.8,0.6,0.6,0.4,0.20611838,49925,0.046026107019022544
0.4,0.3,0.3,0.2,0.20611838,49925,0.046026107019022544
0.5,0.5,0.8,0.1,0.20612419,49925,0.04700195746808854
0.6,0.5,0.4,0.6,0.20612907,49925,0.04529598983187696
0.6,0.7,0.7,0.6,0.20613629,49925,0.04689016200545578
0.4,0.7,0.6,0.7,0.20613812,49925,0.04737114917105877
0.7,0.9,0.8,0.9,0.20613909,49925,0.046827388627848396
0.4,0.6,0.8,0.5,0.20613971,49925,0.046959068927519554
0.1,0.8,0.6,0.9,0.20614001,49925,0.04831615115502065
0.9,0.6,0.5,0.7,0.20614159,49925,0.044706170118119684
0.1,0.5,0.5,0.5,0.20614211,49925,0.048246711425424964
0.7,0.6,0.8,0.1,0.20614353,49925,0.047139108257683776
0.7,0.6,0.7,0.4,0.20615295,49925,0.046400259238809985
0.6,0.5,0.3,0.9,0.20615889,49925,0.043758133753275044
0.9,0.7,0.7,0.5,0.2061668,49925,0.0460768906122116
0.6,0.4,0.4,0.2,0.20616724,49925,0.045905268400974676
0.9,0.6,0.6,0.3,0.20616724,49925,0.045905268400974676
0.3,0.2,0.2,0.1,0.20616724,49925,0.045905268400974676
0.2,0.4,0.8,0.1,0.206173,49925,0.04723866884923741
0.6,0.5,0.6,0.3,0.2061738,49925,0.04641731915521287
0.7,0.6,0.9,0.2,0.20617409,49925,0.04656966380348495
0.6,0.2,0.1,0.4,0.2061741,49925,0.040113092620303485
0.9,0.9,0.8,0.9,0.20617415,49925,0.046256713701972985
0.1,0.3,0.6,0.1,0.2061758,49925,0.047389603707584625
0.6,0.5,0.7,0.2,0.206177,49925,0.04652738996160161
0.3,0.5,0.3,0.8,0.20617801,49925,0.04547914624684118
0.4,0.4,0.5,0.3,0.20618016,49925,0.0465366241357341
0.8,0.7,0.9,0.1,0.2061859,49925,0.04731825494982881
0.6,0.8,0.7,0.8,0.20618828,49925,0.046895502099726386
0.6,0.8,0.9,0.7,0.20619573,49925,0.04699324779303774
0.7,0.8,0.8,0.7,0.20620616,49925,0.046820931886114095
0.8,0.9,0.8,0.9,0.20620826,49925,0.04654156191463387
0.6,0.6,0.6,0.5,0.206209,49925,0.0465883490962458
0.6,0.9,0.8,0.9,0.20621516,49925,0.0471269024952047
0.1,0.8,0.9,0.8,0.20621653,49925,0.04818836183479431
0.7,0.6,0.8,0.3,0.20621715,49925,0.04649039667776379
0.3,0.4,0.6,0.3,0.2062179,49925,0.04666591122487523
0.9,0.5,0.5,0.1,0.20622014,49925,0.04537480039561219
0.3,0.3,0.5,0.1,0.20622022,49925,0.046615004138548105
0.5,0.8,0.7,0.8,0.20622456,49925,0.04723348945092093
0.8,0.7,0.9,0.4,0.20623836,49925,0.046483134273171134
0.1,0.6,0.6,0.6,0.20623836,49925,0.04832519589896202
0.6,0.6,0.8,0.4,0.20624503,49925,0.0465498382745228
0.3,0.3,0.4,0.2,0.20624503,49925,0.0465498382745228
0.7,0.5,0.5,0.3,0.20624822,49925,0.04597905976762688
0.8,0.7,0.8,0.5,0.20624907,49925,0.046391517929733735
0.4,0.6,0.9,0.5,0.20625147,49925,0.046706918046386964
0.4,0.5,0.9,0.2,0.20625174,49925,0.04666145384117853
0.5,0.9,0.8,0.9,0.20625304,49925,0.04741791807342134
0.1,0.7,0.7,0.7,0.20625566,49925,0.0483852441207278
0.3,0.6,0.9,0.5,0.20625736,49925,0.047015939041244806
0.3,0.7,0.5,0.9,0.20626545,49925,0.046960791338889606
0.5,0.4,0.5,0.2,0.20627114,49925,0.04643185140223125
0.7,0.7,0.9,0.5,0.20627241,49925,0.04654970566994579
0.8,0.4,0.3,0.6,0.20627502,49925,0.04313246360423543
0.1,0.3,0.2,0.4,0.20627667,49925,0.0470042653738439
0.2,0.6,0.4,0.8,0.20627667,49925,0.0470042653738439
0.5,0.6,0.7,0.5,0.20628247,49925,0.04684663391851921
0.7,0.4,0.3,0.6,0.20628603,49925,0.04363720624656065
0.5,0.4,0.4,0.3,0.20628965,49925,0.04610857471560031
0.7,0.3,0.1,0.7,0.2062912,49925,0.03995201800171432
0.1,0.6,0.7,0.6,0.20629664,49925,0.04800366860820611
0.1,0.7,0.8,0.7,0.206299,49925,0.04811123717699949
0.9,0.2,0.1,0.3,0.20630878,49925,0.0378588797955695
0.9,0.6,0.6,0.2,0.20630968,49925,0.04611141459551765
0.8,0.9,0.9,0.8,0.20632291,49925,0.046759182214644764
0.2,0.5,0.8,0.4,0.20632622,49925,0.047093112443207234
0.5,0.7,0.9,0.6,0.20633118,49925,0.04689670311139686
0.1,0.5,0.9,0.3,0.2063412,49925,0.04750959986870242
0.2,0.7,0.8,0.7,0.20634764,49925,0.04780380298855691
0.2,0.8,0.9,0.8,0.20635295,49925,0.047917850017832844
0.4,0.8,0.7,0.8,0.20635682,49925,0.04757762258297064
0.1,0.4,0.8,0.1,0.206362,49925,0.04776803351152935
0.2,0.4,0.2,0.7,0.20636757,49925,0.04490249983851366
0.3,0.5,0.9,0.3,0.20637646,49925,0.04671987860001199
0.3,0.4,0.3,0.5,0.20637962,49925,0.046226464369238204
0.2,0.8,0.8,0.8,0.20639274,49925,0.048121418274471
0.1,0.4,0.4,0.4,0.20639274,49925,0.048121418274471
0.7,0.4,0.4,0.1,0.20639959,49925,0.04550345165121305
0.5,0.4,0.5,0.1,0.20640178,49925,0.04687702915992264
0.5,0.5,0.3,0.9,0.20640986,49925,0.044156262111538794
0.1,0.6,0.9,0.5,0.20641057,49925,0.047702115783795816
0.9,0.7,0.8,0.1,0.20641509,49925,0.04708864933062693
0.3,0.7,0.6,0.7,0.2064158,49925,0.04777527497723066
0.9,0.7,0.8,0.4,0.20641732,49925,0.04631133131357933
0.7,0.6,0.9,0.3,0.20641932,49925,0.046282566091076345
0.1,0.5,0.8,0.4,0.20642513,49925,0.047518676854053234
0.3,0.2,0.1,0.4,0.20642811,49925,0.04249108360697577
0.6,0.4,0.2,0.8,0.20642811,49925,0.04249108360697577
0.4,0.4,0.7,0.1,0.20643575,49925,0.04664807504594785
0.1,0.5,0.6,0.5,0.20643786,49925,0.047858828747322335
0.9,0.3,0.1,0.7,0.20644599,49925,0.039045902656848784
0.9,0.7,0.8,0.2,0.20645109,49925,0.04683354777127299
0.7,0.6,0.5,0.7,0.20645463,49925,0.04549687844882822
0.5,0.5,0.4,0.6,0.20645711,49925,0.045787774617469745
0.8,0.3,0.1,0.7,0.20646024,49925,0.03948457266064828
0.9,0.4,0.4,0.1,0.20646262,49925,0.04414130749934442
0.8,0.6,0.7,0.2,0.20646402,49925,0.04662067998330961
0.8,0.6,0.7,0.3,0.20646667,49925,0.0463344393656448
0.8,0.6,0.5,0.7,0.20647086,49925,0.045093238382470625
0.2,0.7,0.7,0.7,0.206473,49925,0.04802955487357021
0.6,0.6,0.9,0.4,0.2064788,49925,0.04632475866377532
0.3,0.5,0.8,0.4,0.20648131,49925,0.04672778552694318
0.3,0.8,0.8,0.8,0.20648289,49925,0.04781068926949015
0.3,0.9,0.9,0.9,0.2064857,49925,0.047911539662931324
0.1,0.3,0.3,0.3,0.2064857,49925,0.047911539662931324
0.2,0.6,0.6,0.6,0.2064857,49925,0.047911539662931324
0.5,0.3,0.3,0.1,0.2064869,49925,0.04567337357079817
0.4,0.5,0.7,0.4,0.206488,49925,0.04664927095665996
0.8,0.5,0.5,0.2,0.20649274,49925,0.045765671394090504
0.2,0.5,0.5,0.5,0.20649499,49925,0.04774777020273219
0.6,0.5,0.5,0.4,0.20650704,49925,0.046150646280850305
0.7,0.7,0.7,0.6,0.20651025,49925,0.04654528474535683
0.6,0.5,0.8,0.1,0.20651329,49925,0.04661527406565769
0.5,0.6,0.8,0.5,0.20651688,49925,0.046633675018956544
0.8,0.7,0.6,0.8,0.20651887,49925,0.045626153806671954
0.4,0.9,0.8,0.9,0.20651935,49925,0.047727795408439355
0.9,0.8,0.9,0.6,0.20652045,49925,0.04638563816898549
0.6,0.7,0.8,0.6,0.20652142,49925,0.046775497826239736
0.2,0.4,0.1,0.9,0.20652297,49925,0.042291444315517165
0.6,0.7,0.9,0.6,0.2065324,49925,0.0466090318662513
0.6,0.4,0.3,0.6,0.20653442,49925,0.04413051846218256
0.9,0.5,0.4,0.7,0.20654005,49925,0.043775580491539026
0.2,0.4,0.3,0.5,0.20654516,49925,0.04690788821621026
0.8,0.4,0.4,0.1,0.20655097,49925,0.04479931610105291
0.1,0.4,0.5,0.4,0.20655279,49925,0.047648143299284296
0.6,0.3,0.1,0.7,0.20655692,49925,0.04042647386182835
0.6,0.6,0.5,0.7,0.20655957,49925,0.045900451352092614
0.5,0.5,0.6,0.4,0.20656343,49925,0.046516338716297116
0.9,0.8,0.7,0.9,0.20657852,49925,0.04572727296122797
0.4,0.6,0.4,0.9,0.20658648,49925,0.0457539802862519
0.7,0.6,0.6,0.5,0.20659882,49925,0.046189377791401975
0.6,0.5,0.8,0.2,0.20660377,49925,0.04626050347596441
0.2,0.7,0.9,0.7,0.20661035,49925,0.04751337128447916
0.2,0.6,0.7,0.6,0.20661402,49925,0.04765732650978438
0.9,0.7,0.9,0.2,0.2066276,49925,0.04668255968898383
0.9,0.6,0.6,0.4,0.20662783,49925,0.04565403943133373
0.5,0.4,0.6,0.1,0.20663084,49925,0.04656458422355194
0.1,0.5,0.2,0.9,0.20663682,49925,0.04498976913971285
0.3,0.7,0.7,0.7,0.20664649,49925,0.0476786415786462
0.4,0.9,0.9,0.9,0.20664802,49925,0.047633537620982803
0.6,0.5,0.7,0.3,0.20664904,49925,0.0462019956628345
0.7,0.8,0.9,0.7,0.20665497,49925,0.04672123465716112
0.9,0.7,0.9,0.3,0.2066565,49925,0.04643857609043152
0.8,0.5,0.5,0.3,0.2066582,49925,0.045505444126691906
0.9,0.9,0.9,0.8,0.20665921,49925,0.04648376694549971
0.7,0.7,0.6,0.8,0.20666656,49925,0.04597292987830667
0.9,0.7,0.6,0.8,0.20667024,49925,0.04529196694912127
0.9,0.3,0.3,0.1,0.20667173,49925,0.042351071262190405
0.4,0.7,0.7,0.7,0.20667687,49925,0.04731114498238627
0.7,0.9,0.9,0.9,0.20668676,49925,0.04684167268046175
0.9,0.7,0.9,0.4,0.20668808,49925,0.04621103198269728
0.8,0.8,0.8,0.7,0.20668834,49925,0.04650691843289066
0.8,0.8,0.7,0.9,0.20670533,49925,0.0460347409290295
0.2,0.7,0.5,0.9,0.20670594,49925,0.0473506317893384
0.3,0.7,0.8,0.7,0.20670632,49925,0.04748054699513409
0.4,0.3,0.1,0.7,0.20670846,49925,0.041436067470780096
0.8,0.6,0.7,0.1,0.20670892,49925,0.04689996773284939
0.2,0.5,0.6,0.5,0.20671356,49925,0.04745385341226236
0.5,0.4,0.2,0.8,0.20671982,49925,0.04293808787871851
0.5,0.3,0.3,0.2,0.20672531,49925,0.04527605904197019
0.8,0.7,0.7,0.6,0.20672536,49925,0.04620894112984272
0.5,0.9,0.9,0.9,0.20672983,49925,0.04734563984770287
0.2,0.4,0.4,0.4,0.20673025,49925,0.04748825363461209
0.3,0.6,0.6,0.6,0.20673025,49925,0.04748825363461209
0.4,0.8,0.8,0.8,0.20673025,49925,0.04748825363461209
0.1,0.2,0.2,0.2,0.20673025,49925,0.04748825363461209
0.4,0.5,0.9,0.3,0.20673095,49925,0.0463585836190889
0.6,0.8,0.8,0.8,0.20673215,49925,0.046902964252066415
0.3,0.4,0.4,0.4,0.20673215,49925,0.046902964252066415
0.5,0.5,0.9,0.1,0.20673352,49925,0.04667714590356015
0.6,0.6,0.7,0.5,0.20673376,49925,0.04650439155372529
0.9,0.2,0.2,0.1,0.20673437,49925,0.03965833276639986
0.3,0.4,0.8,0.1,0.20674641,49925,0.04676175655972527
0.5,0.7,0.7,0.7,0.2067484,49925,0.04697883888356645
0.5,0.5,0.8,0.3,0.20675388,49925,0.046279399311687716
0.3,0.5,0.5,0.5,0.20675802,49925,0.0472397442518484
0.9,0.5,0.5,0.2,0.20676146,49925,0.04526928314405139
0.5,0.3,0.1,0.7,0.20677164,49925,0.04092795302639314
0.2,0.6,0.8,0.6,0.20677331,49925,0.047337115569644005
0.1,0.3,0.4,0.3,0.20677331,49925,0.047337115569644005
0.8,0.3,0.3,0.1,0.20677364,49925,0.04314457577843214
0.5,0.8,0.8,0.8,0.20677836,49925,0.04718334792887187
0.3,0.8,0.9,0.8,0.20677876,49925,0.04762867804435333
0.4,0.4,0.7,0.2,0.20678109,49925,0.046202578733518976
0.7,0.5,0.5,0.4,0.2067829,49925,0.04570320741029213
0.7,0.4,0.4,0.2,0.20678315,49925,0.04527141189276452
0.2,0.3,0.6,0.1,0.20679025,49925,0.046767280060582395
0.1,0.6,0.4,0.8,0.20679551,49925,0.04747824935701194
0.8,0.6,0.7,0.4,0.20679818,49925,0.04607084729828547
0.9,0.7,0.8,0.5,0.20679973,49925,0.046108669969139045
0.3,0.3,0.2,0.5,0.20680425,49925,0.04466963678742659
0.5,0.4,0.6,0.2,0.20680806,49925,0.046134279732293525
0.4,0.5,0.8,0.4,0.20681103,49925,0.04638194538080439
0.9,0.8,0.8,0.7,0.20681287,49925,0.04622839916966004
0.4,0.6,0.6,0.6,0.20682122,49925,0.047079552928754986
0.2,0.3,0.3,0.3,0.20682122,49925,0.047079552928754986
0.6,0.9,0.9,0.9,0.20682122,49925,0.047079552928754986
0.4,0.8,0.9,0.8,0.2068367,49925,0.04734506118433012
0.2,0.4,0.7,0.3,0.20683683,49925,0.046755787693086456
0.4,0.5,0.5,0.5,0.20684946,49925,0.046782708534918414
0.9,0.5,0.5,0.3,0.20685405,49925,0.04504568710912633
0.5,0.4,0.3,0.6,0.20685562,49925,0.04464334855228563
0.6,0.4,0.4,0.3,0.20686914,49925,0.04553890144514706
0.8,0.6,0.6,0.5,0.20687047,49925,0.045791108941094984
0.8,0.7,0.9,0.5,0.20688593,49925,0.0462846169246213
0.9,0.7,0.7,0.6,0.20688747,49925,0.04586796450150171
0.3,0.6,0.7,0.6,0.20688823,49925,0.04729052565657219
0.7,0.5,0.6,0.2,0.20689228,49925,0.04633229930963933
0.5,0.5,0.9,0.2,0.20689648,49925,0.046312096610255794
0.3,0.7,0.9,0.7,0.20689723,49925,0.04725156888050212
0.1,0.4,0.2,0.7,0.2069202,49925,0.045499562293238344
0.9,0.7,0.9,0.1,0.20693526,49925,0.04700323221235932
0.8,0.6,0.8,0.3,0.20694318,49925,0.04619122517968032
0.8,0.6,0.9,0.2,0.20695718,49925,0.04626841790014319
0.4,0.5,0.4,0.6,0.206961,49925,0.04629213959768792
0.4,0.7,0.8,0.7,0.20696422,49925,0.047156015601947654
0.7,0.3,0.3,0.1,0.20696722,49925,0.04393495004736198
0.5,0.6,0.6,0.6,0.20696986,49925,0.046707033551905655
0.7,0.7,0.8,0.6,0.20697294,49925,0.04647715167661718
0.3,0.6,0.4,0.9,0.20698042,49925,0.04616459886171359
0.7,0.6,0.8,0.4,0.20698628,49925,0.04625549789793111
0.2,0.4,0.5,0.4,0.20699698,49925,0.047173624700379536
0.1,0.3,0.1,0.6,0.206998,49925,0.043805427877104224
0.1,0.4,0.3,0.5,0.207006,49925,0.047594367450847525
0.4,0.3,0.4,0.1,0.20701165,49925,0.04644726238142454
0.8,0.6,0.8,0.2,0.20701165,49925,0.04644726238142454
0.1,0.7,0.6,0.8,0.20702057,49925,0.048201693996267114
0.5,0.5,0.7,0.4,0.20702544,49925,0.0462763090535432
0.8,0.5,0.4,0.7,0.20705363,49925,0.04418352366536513
0.6,0.6,0.8,0.5,0.20705794,49925,0.04632568535061681
0.8,0.8,0.9,0.7,0.20706177,49925,0.04645587721863516
0.3,0.4,0.7,0.3,0.20706858,49925,0.046314876751288384
0.6,0.3,0.3,0.1,0.20707184,49925,0.04477958356501871
0.7,0.7,0.9,0.6,0.20707853,49925,0.04635575877113521
0.7,0.8,0.7,0.9,0.2070866,49925,0.04634006842072922
0.4,0.4,0.6,0.3,0.20708665,49925,0.046194368635266596
0.5,0.6,0.9,0.5,0.20708823,49925,0.04639796131423112
0.6,0.7,0.7,0.7,0.20709093,49925,0.04665477163244458
0.5,0.8,0.9,0.8,0.20709145,49925,0.04705512579933721
0.7,0.5,0.6,0.1,0.20709948,49925,0.04668403520916432
0.8,0.5,0.5,0.4,0.20711283,49925,0.04524922498502357
0.6,0.7,0.6,0.8,0.20711312,49925,0.04633346300234301
0.1,0.8,0.7,0.9,0.20711926,49925,0.0482713531801884
0.1,0.4,0.7,0.3,0.20714056,49925,0.04723133361098577
0.7,0.7,0.7,0.7,0.20715097,49925,0.04633121328011047
0.6,0.6,0.6,0.6,0.20715097,49925,0.04633121328011047
0.8,0.8,0.8,0.8,0.20715097,49925,0.04633121328011047
0.1,0.1,0.1,0.1,0.20715097,49925,0.04633121328011047
0.5,0.5,0.5,0.5,0.20715097,49925,0.04633121328011047
0.9,0.9,0.9,0.9,0.20715097,49925,0.04633121328011047
0.2,0.2,0.2,0.2,0.20715097,49925,0.04633121328011047
0.4,0.4,0.4,0.4,0.20715097,49925,0.04633121328011047
0.3,0.3,0.3,0.3,0.20715097,49925,0.04633121328011047
0.1,0.7,0.9,0.7,0.20715874,49925,0.04782642099146513
0.7,0.8,0.8,0.8,0.20717333,49925,0.0466073743259734
0.7,0.5,0.6,0.3,0.20717517,49925,0.0460229054415899
0.2,0.8,0.7,0.9,0.20718682,49925,0.04796979645955471
0.2,0.5,0.4,0.6,0.20718695,49925,0.047354183432791574
0.1,0.4,0.8,0.2,0.20720366,49925,0.04724604929980673
0.8,0.9,0.9,0.9,0.2072098,49925,0.04657576978464653
0.8,0.7,0.8,0.6,0.20721832,49925,0.04618306425072216
0.8,0.4,0.4,0.2,0.20721906,49925,0.0446854616538541
0.4,0.2,0.2,0.1,0.20721906,49925,0.0446854616538541
0.3,0.3,0.5,0.2,0.20722026,49925,0.0461186069401829
0.9,0.6,0.7,0.1,0.20722324,49925,0.04649815555900737
0.7,0.5,0.4,0.7,0.20723043,49925,0.04460118650658705
0.1,0.7,0.5,0.9,0.2072309,49925,0.047756954942480806
0.1,0.6,0.5,0.7,0.20723473,49925,0.048084802741017695
0.6,0.3,0.2,0.6,0.20723534,49925,0.042410142698652634
0.8,0.6,0.9,0.1,0.20723644,49925,0.04657483413368168
0.3,0.6,0.8,0.6,0.207246,49925,0.04703103567414169
0.9,0.6,0.6,0.5,0.20724961,49925,0.045432305672958424
0.6,0.8,0.9,0.8,0.20724975,49925,0.04677526121165078
0.4,0.3,0.5,0.1,0.2072503,49925,0.04604464332966446
0.7,0.8,0.9,0.8,0.20725033,49925,0.046524192102308466
0.8,0.6,0.9,0.3,0.20725179,49925,0.045993680564783306
0.1,0.5,0.4,0.6,0.20725201,49925,0.047905764677702446
0.5,0.6,0.7,0.6,0.20726216,49925,0.04657751803328006
0.5,0.6,0.5,0.7,0.20727652,49925,0.04631336707114615
0.4,0.4,0.3,0.6,0.20727652,49925,0.04519196087023945
0.6,0.5,0.6,0.4,0.20728357,49925,0.04610999135838501
0.9,0.8,0.9,0.7,0.20728424,49925,0.046211984404061886
0.1,0.6,0.8,0.6,0.20728615,49925,0.04768732059571147
0.4,0.4,0.2,0.8,0.20728835,49925,0.04338353921207231
0.2,0.2,0.1,0.4,0.20728835,49925,0.04338353921207231
0.5,0.7,0.8,0.7,0.20729546,49925,0.04683664560279616
0.8,0.4,0.3,0.7,0.20729744,49925,0.042943469959924076
0.1,0.2,0.4,0.1,0.20730007,49925,0.046760803584785564
0.2,0.4,0.8,0.2,0.20730007,49925,0.046760803584785564
0.7,0.6,0.7,0.5,0.20731449,49925,0.046154502802127156
0.9,0.8,0.8,0.8,0.20731555,49925,0.04604320024647621
0.7,0.6,0.6,0.6,0.20732081,49925,0.045957683732291074
0.7,0.3,0.2,0.6,0.2073209,49925,0.04188115568911307
0.3,0.5,0.4,0.6,0.20732738,49925,0.04681449188369982
0.2,0.7,0.6,0.8,0.20733151,49925,0.04782831482099902
0.9,0.4,0.3,0.7,0.20733306,49925,0.04251117304205624
0.8,0.7,0.7,0.7,0.20733935,49925,0.04600734309431452
0.7,0.4,0.4,0.3,0.20733956,49925,0.04498877899603241
0.6,0.5,0.9,0.1,0.2073406,49925,0.04632709082837742
0.9,0.6,0.7,0.3,0.20734808,49925,0.04598574960309329
0.6,0.5,0.8,0.3,0.20734814,49925,0.04595310498396454
0.7,0.6,0.9,0.4,0.20735633,49925,0.04604303404629146
0.3,0.5,0.6,0.5,0.20736174,49925,0.04702388012316811
0.9,0.4,0.2,0.9,0.2073627,49925,0.04110812080099449
0.8,0.6,0.8,0.4,0.20736656,49925,0.045951230763976066
0.4,0.3,0.4,0.2,0.20736656,49925,0.045951230763976066
0.4,0.6,0.7,0.6,0.20736736,49925,0.04691401156981391
0.8,0.6,0.8,0.1,0.20737018,49925,0.04678981185716978
0.6,0.7,0.8,0.7,0.20737055,49925,0.04654879688781606
0.7,0.5,0.7,0.2,0.20737939,49925,0.0461413639752264
0.4,0.7,0.6,0.8,0.2073869,49925,0.047061636237804905
0.5,0.5,0.9,0.3,0.20739551,49925,0.04602295170526434
0.7,0.5,0.8,0.1,0.20739633,49925,0.046253843157109745
0.5,0.4,0.7,0.1,0.20739695,49925,0.04621489025452588
0.3,0.4,0.8,0.2,0.20741649,49925,0.04633425762970516
0.9,0.7,0.9,0.5,0.20742662,49925,0.0460236895135384
0.4,0.4,0.8,0.1,0.20743135,49925,0.04633537702933172
0.4,0.7,0.9,0.7,0.20744282,49925,0.046977000342355295
0.3,0.6,0.5,0.7,0.2074515,49925,0.04718020501041884
0.8,0.2,0.2,0.1,0.20745511,49925,0.04051495757461695
0.5,0.7,0.6,0.8,0.20746613,49925,0.046682127391161246
0.5,0.4,0.5,0.3,0.20746747,49925,0.04605609492581341
0.2,0.5,0.3,0.8,0.20747542,49925,0.04598199007475284
0.2,0.6,0.5,0.7,0.2074837,49925,0.04763414456797465
0.9,0.6,0.7,0.2,0.20748493,49925,0.046241744537115416
0.2,0.5,0.7,0.5,0.2074858,49925,0.04708974932842878
0.6,0.8,0.7,0.9,0.20749018,49925,0.046653082247512884
0.7,0.5,0.5,0.5,0.20750058,49925,0.04544031885871516
0.9,0.6,0.5,0.8,0.20750368,49925,0.04456171108627992
0.1,0.5,0.7,0.5,0.20750627,49925,0.04748695787317619
0.3,0.3,0.1,0.7,0.20751192,49925,0.04196827078744513
0.6,0.5,0.5,0.5,0.20751774,49925,0.045877908213296285
0.4,0.3,0.3,0.3,0.20753022,49925,0.04557475462811433
0.8,0.6,0.6,0.6,0.20753022,49925,0.04557475462811433
0.3,0.8,0.7,0.9,0.20753731,49925,0.04761565894761049
0.4,0.8,0.7,0.9,0.20754187,49925,0.047289956576432826
0.8,0.6,0.5,0.8,0.2075429,49925,0.044890341121283234
0.3,0.4,0.5,0.4,0.2075431,49925,0.046653828435949105
0.9,0.5,0.5,0.4,0.20754442,49925,0.044823975280263
0.4,0.6,0.5,0.7,0.2075603,49925,0.046739786739294784
0.9,0.7,0.7,0.7,0.2075676,49925,0.04568232700141365
0.5,0.7,0.9,0.7,0.20757204,49925,0.046686305498830724
0.6,0.3,0.3,0.2,0.20757216,49925,0.04452463361716994
0.1,0.8,0.8,0.9,0.20757772,49925,0.048108104702118876
0.8,0.3,0.2,0.6,0.20758325,49925,0.0413875942895838
0.6,0.6,0.9,0.5,0.20758542,49925,0.046119415716266404
0.9,0.7,0.6,0.9,0.20759274,49925,0.0451215943809021
0.5,0.8,0.7,0.9,0.20759287,49925,0.046963695985876276
0.5,0.4,0.4,0.4,0.2075948,49925,0.045764404835206295
0.2,0.8,0.8,0.9,0.20759913,49925,0.04784309657966087
0.9,0.6,0.7,0.4,0.20760232,49925,0.04574508214051164
0.5,0.2,0.2,0.1,0.20760363,49925,0.0435194362362926
0.7,0.2,0.1,0.4,0.2076042,49925,0.03945392041043357
0.9,0.4,0.4,0.2,0.20761098,49925,0.04410681721088911
0.9,0.6,0.8,0.2,0.20761615,49925,0.04613996633873153
0.8,0.8,0.9,0.8,0.20761624,49925,0.04627489055911368
0.3,0.7,0.6,0.8,0.2076307,49925,0.047433303346786394
0.2,0.5,0.9,0.4,0.20764196,49925,0.04680469998228203
0.8,0.6,0.7,0.5,0.20764744,49925,0.04583836618844806
0.6,0.4,0.3,0.7,0.20764808,49925,0.04383212220304795
0.6,0.4,0.5,0.2,0.2076485,49925,0.04595314316441809
0.8,0.4,0.4,0.3,0.20765248,49925,0.04446488359853884
0.7,0.5,0.8,0.2,0.20765573,49925,0.04591268646392721
0.9,0.7,0.8,0.6,0.20766091,49925,0.04590233753823115
0.5,0.5,0.8,0.4,0.20766272,49925,0.04603787568410065
0.4,0.6,0.8,0.6,0.20766672,49925,0.04671710367182825
0.2,0.3,0.4,0.3,0.20766672,49925,0.04671710367182825
0.4,0.5,0.6,0.5,0.20767173,49925,0.04661667822431117
0.1,0.7,0.7,0.8,0.20767361,49925,0.04802364893247704
0.3,0.3,0.6,0.1,0.20768508,49925,0.046183620809337515
0.6,0.5,0.4,0.7,0.20769072,49925,0.045026809663499145
0.4,0.5,0.3,0.9,0.20770068,49925,0.044587274815623544
0.6,0.5,0.9,0.2,0.20770174,49925,0.04597995388417575
0.8,0.4,0.2,0.9,0.20772049,49925,0.04145348281912241
0.7,0.4,0.3,0.7,0.20772222,49925,0.043371764695565355
0.7,0.5,0.7,0.1,0.20772618,49925,0.04650786741049482
0.7,0.7,0.8,0.7,0.20773125,49925,0.046266886408957736
0.5,0.3,0.2,0.6,0.20773423,49925,0.04293284797288463
0.2,0.6,0.9,0.6,0.2077451,49925,0.04705577043363302
0.3,0.4,0.2,0.8,0.2077637,49925,0.04384218338315499
0.8,0.7,0.9,0.6,0.20776886,49925,0.04607991479369388
0.6,0.4,0.5,0.1,0.20777568,49925,0.04637710898525035
0.5,0.4,0.7,0.2,0.20778348,49925,0.04582736708388993
0.2,0.7,0.7,0.8,0.2077845,49925,0.047714834594845046
0.3,0.5,0.7,0.5,0.20778939,49925,0.046739111396887995
0.2,0.6,0.4,0.9,0.20779152,49925,0.04655882834656534
0.1,0.4,0.1,0.9,0.20779772,49925,0.042711362337373056
0.3,0.5,0.9,0.4,0.20780814,49925,0.04643874677037625
0.3,0.8,0.9,0.9,0.2078289,49925,0.047396130351716095
0.3,0.4,0.3,0.6,0.20783888,49925,0.0457372866991491
0.6,0.6,0.7,0.6,0.20785943,49925,0.04624625859498894
0.7,0.5,0.7,0.3,0.20786497,49925,0.04585993080937985
0.3,0.6,0.9,0.6,0.20787728,49925,0.04676563658345823
0.1,0.2,0.3,0.2,0.20787728,49925,0.04676563658345823
0.2,0.4,0.6,0.4,0.20787728,49925,0.04676563658345823
0.5,0.5,0.6,0.5,0.20788606,49925,0.04622126396098589
0.7,0.5,0.6,0.4,0.20788878,49925,0.04573653089973924
0.9,0.8,0.9,0.8,0.2078903,49925,0.04603240282837572
0.1,0.8,0.9,0.9,0.20789182,49925,0.04789733455737117
0.5,0.5,0.4,0.7,0.2078929,49925,0.04546626951626381
0.8,0.5,0.6,0.3,0.20789924,49925,0.04565027959185766
0.9,0.8,0.8,0.9,0.20791659,49925,0.04587945262774407
0.6,0.6,0.5,0.8,0.20791706,49925,0.04563451895486618
0.9,0.6,0.6,0.6,0.20792343,49925,0.045226498694248884
0.3,0.2,0.2,0.2,0.20792343,49925,0.04522649869424889
0.6,0.4,0.4,0.4,0.20792343,49925,0.04522649869424889
0.8,0.7,0.8,0.7,0.20792358,49925,0.04598704579698214
0.8,0.5,0.6,0.1,0.20792873,49925,0.04622072535690339
0.9,0.5,0.4,0.8,0.20793036,49925,0.043605155084280485
0.8,0.5,0.6,0.2,0.2079314,49925,0.04593539686002028
0.4,0.5,0.7,0.5,0.20793815,49925,0.04639115431578742
0.4,0.5,0.4,0.7,0.20793858,49925,0.04593208537984992
0.7,0.2,0.2,0.1,0.20793866,49925,0.04143164416555208
0.8,0.7,0.6,0.9,0.20793983,49925,0.045420348095366346
0.5,0.6,0.8,0.6,0.20794156,49925,0.04639713160363651
0.7,0.6,0.8,0.5,0.20794632,49925,0.046031246897626346
0.8,0.8,0.8,0.9,0.20795327,49925,0.04613985788781827
0.3,0.8,0.8,0.9,0.20795523,49925,0.047544458557830446
0.2,0.6,0.6,0.7,0.20795877,49925,0.047546171890085635
0.6,0.7,0.9,0.7,0.20795888,49925,0.04641765035757351
0.7,0.4,0.2,0.9,0.20796317,49925,0.041827391534832725
0.4,0.4,0.7,0.3,0.20797585,49925,0.045913876262935464
0.4,0.5,0.9,0.4,0.20797832,49925,0.046111422670247024
0.4,0.6,0.9,0.6,0.20798913,49925,0.04647568110408286
0.2,0.3,0.2,0.5,0.20800275,49925,0.04539156876554302
0.4,0.4,0.8,0.2,0.20800519,49925,0.04594144443826045
0.2,0.2,0.4,0.1,0.20800519,49925,0.04594144443826045
0.8,0.5,0.5,0.5,0.20801067,49925,0.045028544227484854
0.8,0.6,0.9,0.4,0.20802417,49925,0.04576965333286316
0.7,0.5,0.8,0.3,0.20802799,49925,0.045646379514592376
0.9,0.6,0.8,0.3,0.2080316,49925,0.0458952584301529
0.6,0.4,0.5,0.3,0.20804198,49925,0.04560760508713722
0.9,0.6,0.8,0.4,0.20804201,49925,0.045666326560814416
0.5,0.3,0.3,0.3,0.20804338,49925,0.04489300324805324
0.7,0.6,0.5,0.8,0.20804504,49925,0.04526324235444695
0.9,0.3,0.2,0.6,0.20805922,49925,0.040914900655376785
0.7,0.7,0.9,0.7,0.20806281,49925,0.04615429488751606
0.8,0.7,0.7,0.8,0.20806502,49925,0.04580884681991258
0.7,0.7,0.6,0.9,0.20806621,49925,0.045751275915301495
0.4,0.8,0.8,0.9,0.2080706,49925,0.047225969663187796
0.7,0.4,0.4,0.4,0.20808715,49925,0.04472332995023387
0.3,0.7,0.8,0.8,0.20808956,49925,0.047218399144907185
0.4,0.4,0.5,0.4,0.20809221,49925,0.04617762410301549
0.6,0.5,0.7,0.4,0.20809823,49925,0.04593646758694887
0.5,0.4,0.6,0.3,0.20809956,49925,0.04580682433102469
0.1,0.6,0.6,0.7,0.20810017,49925,0.04791099673133486
0.5,0.6,0.5,0.8,0.20810296,49925,0.046013432613172964
0.7,0.6,0.7,0.6,0.2081114,49925,0.04593287265043384
0.7,0.3,0.3,0.2,0.20811354,49925,0.04381875089090141
0.5,0.8,0.8,0.9,0.20811735,49925,0.04694181112288383
0.2,0.8,0.9,0.9,0.20812331,49925,0.04763860648961519
0.2,0.3,0.6,0.2,0.20812398,49925,0.046241812917989206
0.6,0.2,0.2,0.1,0.20813365,49925,0.04243319715253374
0.9,0.6,0.5,0.9,0.20815068,49925,0.04436036803259105
0.9,0.5,0.5,0.5,0.20815262,49925,0.04462214630397893
0.1,0.7,0.8,0.8,0.20815626,49925,0.04778088516356829
0.9,0.6,0.9,0.2,0.208166,49925,0.04597921673029777
0.9,0.7,0.7,0.8,0.20817207,49925,0.04551284583107314
0.8,0.5,0.4,0.8,0.20817354,49925,0.04397142629778135
0.3,0.6,0.5,0.8,0.20817614,49925,0.04678725971140674
0.7,0.7,0.7,0.8,0.20817718,49925,0.046105000376045605
0.5,0.4,0.3,0.7,0.2081932,49925,0.04430242385984281
0.9,0.6,0.9,0.3,0.2082004,49925,0.04572431688350561
0.6,0.4,0.6,0.2,0.2082004,49925,0.04572431688350561
0.3,0.2,0.3,0.1,0.2082004,49925,0.04572431688350561
0.9,0.6,0.8,0.1,0.20820889,49925,0.04644992545117756
0.2,0.7,0.8,0.8,0.20821038,49925,0.047493988836857584
0.9,0.7,0.9,0.6,0.2082105,49925,0.045822202499828754
0.6,0.4,0.6,0.1,0.20821512,49925,0.04610725304730367
0.1,0.4,0.6,0.4,0.20822975,49925,0.04721903829878789
0.9,0.4,0.4,0.3,0.20823625,49925,0.04393787499992087
0.1,0.5,0.3,0.8,0.208238,49925,0.04647148697814627
0.3,0.5,0.8,0.5,0.20823836,49925,0.04645616381261145
0.7,0.5,0.4,0.8,0.20823944,49925,0.04434313536539136
0.4,0.7,0.7,0.8,0.20824236,49925,0.04702881362211642
0.3,0.4,0.6,0.4,0.20824431,49925,0.046340005957175946
0.7,0.8,0.8,0.9,0.20824447,49925,0.046394875350984556
0.3,0.5,0.4,0.7,0.2082562,49925,0.046379647112293636
0.1,0.5,0.9,0.4,0.20826162,49925,0.04715337013833896
0.1,0.5,0.5,0.6,0.20826453,49925,0.047760970979533766
0.6,0.6,0.8,0.6,0.20826577,49925,0.046111643806384967
0.3,0.3,0.4,0.3,0.20826577,49925,0.046111643806384967
0.3,0.7,0.7,0.8,0.20827603,49925,0.04736738547070889
0.7,0.5,0.9,0.1,0.20828524,49925,0.0460025873191437
0.6,0.4,0.2,0.9,0.20829073,49925,0.04221259865667851
0.4,0.8,0.9,0.9,0.2083095,49925,0.04711810968051112
0.9,0.6,0.7,0.5,0.2083118,49925,0.045530860767672994
0.7,0.6,0.9,0.5,0.2083208,49925,0.04583035440764495
0.5,0.5,0.7,0.5,0.20832327,49925,0.04604081828470202
0.4,0.3,0.2,0.6,0.20833269,49925,0.04350739035363774
0.5,0.3,0.1,0.8,0.20833512,49925,0.04060545785696494
0.6,0.8,0.8,0.9,0.2083385,49925,0.04666913813660363
0.3,0.5,0.3,0.9,0.20833914,49925,0.045027303954794505
0.4,0.7,0.6,0.9,0.20835395,49925,0.04674058411061166
0.9,0.6,0.6,0.7,0.20835462,49925,0.04505393720815872
0.9,0.6,0.9,0.1,0.20836377,49925,0.046263043566821274
0.3,0.7,0.6,0.9,0.20836852,49925,0.04708920209873447
0.8,0.6,0.8,0.5,0.20837565,49925,0.04574701434729978
0.7,0.6,0.6,0.7,0.20837834,49925,0.04572498080089576
0.9,0.5,0.6,0.1,0.20838416,49925,0.04577397988854624
0.5,0.8,0.9,0.9,0.20838478,49925,0.04684990036664673
0.5,0.7,0.7,0.8,0.20839815,49925,0.04670253344489332
0.8,0.5,0.7,0.2,0.2084026,49925,0.04581008981517982
0.6,0.7,0.6,0.9,0.20840617,49925,0.046069733908171456
0.2,0.4,0.9,0.1,0.20842338,49925,0.04685514784537165
0.2,0.7,0.6,0.9,0.20842397,49925,0.047447265434999476
0.6,0.5,0.9,0.3,0.20844647,49925,0.045717918802515765
0.9,0.4,0.3,0.8,0.20845054,49925,0.042345918770358544
0.2,0.5,0.8,0.5,0.20845105,49925,0.046792992147811484
0.8,0.3,0.3,0.2,0.20845197,49925,0.043125201104327014
0.2,0.7,0.9,0.8,0.20846605,49925,0.0472545803623681
0.6,0.6,0.6,0.7,0.20847242,49925,0.0460709130396314
0.7,0.5,0.9,0.2,0.2084727,49925,0.045687032551437586
0.6,0.5,0.6,0.5,0.2084746,49925,0.04585922057404604
0.8,0.6,0.6,0.7,0.20848157,49925,0.045392838005856986
0.2,0.6,0.7,0.7,0.20848924,49925,0.047304165186683476
0.3,0.7,0.9,0.8,0.2084938,49925,0.04698040288631412
0.5,0.6,0.9,0.6,0.2084968,49925,0.04620426806652534
0.6,0.4,0.7,0.1,0.20849685,49925,0.045806769681767924
0.6,0.8,0.9,0.9,0.20849723,49925,0.04658564117242327
0.6,0.5,0.4,0.8,0.20850833,49925,0.0447423573055956
0.9,0.7,0.8,0.7,0.2085113,49925,0.045735581963000475
0.8,0.7,0.9,0.7,0.20851672,49925,0.04590041550274693
0.3,0.4,0.9,0.1,0.20852903,49925,0.04643200957367239
0.7,0.4,0.5,0.1,0.20855191,49925,0.04584123947490458
0.4,0.6,0.5,0.8,0.20857134,49925,0.046402137822910465
0.9,0.3,0.3,0.2,0.20857164,49925,0.04244754973767051
0.2,0.5,0.5,0.6,0.2085771,49925,0.04730330012088301
0.3,0.6,0.6,0.7,0.20857807,49925,0.04714545397542853
0.1,0.6,0.9,0.6,0.20858364,49925,0.04736846779566332
0.8,0.6,0.5,0.9,0.20858757,49925,0.04468931367368587
0.1,0.6,0.7,0.7,0.20859912,49925,0.04763208627030932
0.9,0.8,0.9,0.9,0.20860292,49925,0.0458748527079298
0.8,0.8,0.9,0.9,0.20860411,49925,0.0461024468081061
0.1,0.3,0.6,0.2,0.20860681,49925,0.04682707153905451
0.4,0.3,0.5,0.2,0.20861155,49925,0.04558516755969876
0.7,0.3,0.1,0.8,0.20861861,49925,0.039776663282830825
0.8,0.2,0.1,0.4,0.20862003,49925,0.038830050100104
0.7,0.6,0.8,0.6,0.20862088,49925,0.04581746985764479
0.6,0.5,0.8,0.4,0.20862758,49925,0.0457212627113036
0.7,0.5,0.5,0.6,0.20863219,49925,0.04521447267114558
0.3,0.6,0.7,0.7,0.20863365,49925,0.046981704872561945
0.4,0.7,0.8,0.8,0.20864102,49925,0.046902895010101184
0.5,0.3,0.4,0.1,0.20864244,49925,0.04584920732494695
0.1,0.4,0.4,0.5,0.20864376,49925,0.047529679623148816
0.2,0.3,0.1,0.7,0.20864707,49925,0.04248721957357955
0.6,0.7,0.7,0.8,0.20864874,49925,0.046404698030410876
0.4,0.6,0.6,0.7,0.20865002,49925,0.04676247283006726
0.5,0.5,0.9,0.4,0.20865148,49925,0.0458052290530206
0.1,0.7,0.6,0.9,0.2086516,49925,0.04780469910761477
0.8,0.3,0.1,0.8,0.20865463,49925,0.03937601181032209
0.5,0.7,0.6,0.9,0.20865712,49925,0.04639665309724106
0.2,0.1,0.1,0.1,0.20865771,49925,0.044237935825330726
0.8,0.4,0.4,0.4,0.20865771,49925,0.044237935825330726
0.4,0.2,0.2,0.2,0.20865771,49925,0.044237935825330726
0.6,0.3,0.3,0.3,0.20865771,49925,0.04423793582533072
0.6,0.5,0.5,0.6,0.20866331,49925,0.0456065940231859
0.4,0.5,0.8,0.5,0.20866987,49925,0.04612727256213584
0.5,0.4,0.5,0.4,0.20867388,49925,0.04574979116544121
0.5,0.7,0.8,0.8,0.20867921,49925,0.04661273168983143
0.2,0.3,0.5,0.3,0.20868088,49925,0.04624953371075742
0.8,0.6,0.7,0.6,0.20868543,49925,0.04563143773688044
0.9,0.5,0.6,0.2,0.20868707,49925,0.04553236502008374
0.7,0.4,0.3,0.8,0.20868917,49925,0.043124502396444823
0.8,0.4,0.3,0.8,0.2086932,49925,0.04273271771784249
0.8,0.5,0.6,0.4,0.2086957,49925,0.04538552580373892
0.9,0.4,0.4,0.4,0.20869857,49925,0.043742066462881306
0.5,0.6,0.6,0.7,0.20870265,49925,0.046416288129393066
0.2,0.4,0.3,0.6,0.20870349,49925,0.04631381126400872
0.7,0.8,0.9,0.9,0.2087222,49925,0.04633752649548571
0.4,0.6,0.7,0.7,0.20872739,49925,0.04664786514412939
0.9,0.3,0.1,0.8,0.20872872,49925,0.03898731767451816
0.9,0.6,0.9,0.4,0.20874125,49925,0.04552215626563571
0.8,0.5,0.7,0.1,0.20874575,49925,0.046132602477959556
0.2,0.5,0.4,0.7,0.20874898,49925,0.04684942160463226
0.9,0.5,0.4,0.9,0.20875275,49925,0.043406382054639724
0.5,0.5,0.5,0.6,0.2087655,49925,0.04602550121314908
0.3,0.6,0.8,0.7,0.2087731,49925,0.04674041204699013
0.8,0.7,0.8,0.8,0.20878753,49925,0.04581129526915868
0.3,0.3,0.6,0.2,0.208795,49925,0.04572904731074521
0.7,0.5,0.7,0.4,0.2087999,49925,0.04560987008788217
0.7,0.6,0.5,0.9,0.20880231,49925,0.045036190156893
0.5,0.4,0.2,0.9,0.20881918,49925,0.042594042295377735
0.7,0.3,0.3,0.3,0.20882122,49925,0.04358179304222034
0.1,0.6,0.4,0.9,0.20882599,49925,0.046988531748909795
0.8,0.5,0.7,0.3,0.20883507,49925,0.0455296846874242
0.2,0.2,0.3,0.2,0.20883533,49925,0.04594251269176283
0.6,0.6,0.9,0.6,0.20883533,49925,0.045942512691762825
0.4,0.4,0.6,0.4,0.20883533,49925,0.04594251269176283
0.5,0.4,0.8,0.1,0.20883906,49925,0.04591643434659474
0.2,0.6,0.5,0.8,0.20884179,49925,0.04719970578529888
0.7,0.5,0.9,0.3,0.20884296,49925,0.04543559073920893
0.7,0.7,0.8,0.8,0.20885202,49925,0.046069171790018286
0.7,0.4,0.5,0.2,0.208853,49925,0.04550619974923254
0.2,0.6,0.8,0.7,0.20885614,49925,0.047037069109360126
0.4,0.7,0.9,0.8,0.20887128,49925,0.04672083530911776
0.1,0.2,0.1,0.4,0.20889485,49925,0.044335506499717216
0.2,0.4,0.2,0.8,0.20889485,49925,0.044335506499717216
0.6,0.7,0.8,0.8,0.20890275,49925,0.04633486436581406
0.6,0.4,0.7,0.2,0.20891587,49925,0.045459563735959205
0.5,0.5,0.4,0.8,0.20891656,49925,0.04512008153196853
0.5,0.3,0.4,0.2,0.20891885,49925,0.04538677828181196
0.9,0.6,0.8,0.5,0.20892109,49925,0.04547401059545837
0.6,0.5,0.7,0.5,0.20893426,49925,0.04570773256559153
0.4,0.3,0.1,0.8,0.20894162,49925,0.04102969263976922
0.2,0.5,0.6,0.6,0.20896529,49925,0.04704794273747983
0.8,0.5,0.8,0.2,0.20896712,49925,0.04561385708279678
0.9,0.5,0.6,0.3,0.20898375,49925,0.0452845183621883
0.9,0.7,0.9,0.7,0.20898563,49925,0.045667589294594996
0.6,0.6,0.5,0.9,0.20899232,49925,0.04536147969620151
0.6,0.3,0.1,0.8,0.20899343,49925,0.04018231508604805
0.8,0.5,0.8,0.3,0.20900236,49925,0.045355146984415146
0.4,0.5,0.5,0.6,0.20900688,49925,0.046420044003971546
0.3,0.4,0.8,0.3,0.2090078,49925,0.046012913555062346
0.4,0.3,0.6,0.1,0.20900786,49925,0.0456675889212169
0.5,0.4,0.7,0.3,0.2090106,49925,0.04555428813089896
0.8,0.5,0.5,0.6,0.2090148,49925,0.044824877800523195
0.5,0.6,0.7,0.7,0.2090154,49925,0.04633638102874595
0.2,0.7,0.7,0.9,0.20902552,49925,0.047360635787051526
0.5,0.2,0.2,0.2,0.20902617,49925,0.04328706703105472
0.7,0.6,0.9,0.6,0.20903793,49925,0.04566933198011734
0.7,0.6,0.7,0.7,0.20905381,49925,0.04572619014339292
0.2,0.4,0.8,0.3,0.20906135,49925,0.04641724662962715
0.8,0.5,0.4,0.9,0.20906617,49925,0.043750177409263014
0.3,0.5,0.5,0.6,0.20906916,49925,0.046845126750902216
0.5,0.4,0.4,0.5,0.20908514,49925,0.045454537618764425
0.4,0.4,0.3,0.7,0.20911203,49925,0.04476271983486356
0.6,0.4,0.6,0.3,0.20911247,49925,0.04541888288464826
0.4,0.4,0.9,0.1,0.20911339,49925,0.04606450862122278
0.1,0.6,0.5,0.8,0.20911613,49925,0.0476204761752471
0.2,0.4,0.9,0.2,0.2091167,49925,0.04643499224265605
0.5,0.2,0.1,0.5,0.2091219,49925,0.04062757400295322
0.3,0.4,0.7,0.4,0.20912468,49925,0.04601881787745083
0.6,0.6,0.7,0.7,0.20913227,49925,0.04602908784343097
0.2,0.5,0.3,0.9,0.20913734,49925,0.04545616778768881
0.1,0.5,0.8,0.5,0.20913786,49925,0.04712904375727568
0.5,0.4,0.8,0.2,0.20914392,49925,0.04556723317284605
0.1,0.7,0.9,0.8,0.20916507,49925,0.047524314858292775
0.1,0.5,0.6,0.6,0.20917141,49925,0.047446516667761486
0.1,0.3,0.5,0.3,0.20917156,49925,0.046805403557065764
0.6,0.4,0.4,0.5,0.20917217,49925,0.04497224478837332
0.2,0.4,0.4,0.5,0.20918335,49925,0.04697334484508415
0.8,0.6,0.9,0.5,0.20918961,49925,0.04557938083468712
0.7,0.5,0.6,0.5,0.20919538,49925,0.0455113345063237
0.5,0.6,0.5,0.9,0.20919678,49925,0.04571525500358085
0.7,0.5,0.4,0.9,0.20919684,49925,0.04409278277710903
0.5,0.7,0.9,0.8,0.20920534,49925,0.04646407830475997
0.4,0.2,0.1,0.5,0.2092182,49925,0.041261254978086
0.4,0.4,0.2,0.9,0.2092292,49925,0.042992586255991755
0.5,0.4,0.6,0.4,0.20924339,49925,0.04554439366353879
0.4,0.4,0.9,0.2,0.20924515,49925,0.04569589993423013
0.6,0.7,0.9,0.8,0.20924942,49925,0.0462365094610096
0.8,0.5,0.8,0.1,0.2092526,49925,0.04592305185565143
0.1,0.5,0.4,0.7,0.20925297,49925,0.04732905569921405
0.4,0.4,0.8,0.3,0.20925702,49925,0.04562857549879845
0.7,0.2,0.2,0.2,0.20930004,49925,0.04157896623353804
0.8,0.6,0.8,0.6,0.20930073,49925,0.045554047630783696
0.4,0.3,0.4,0.3,0.20930073,49925,0.045554047630783696
0.4,0.4,0.4,0.5,0.2093011,49925,0.04593772098557406
0.9,0.5,0.5,0.6,0.20930183,49925,0.04445718260786056
0.3,0.7,0.7,0.9,0.2093043,49925,0.04705452754807066
0.8,0.3,0.3,0.3,0.20930701,49925,0.04299623347223434
0.2,0.4,0.7,0.4,0.20931184,49925,0.04642260647964553
0.9,0.6,0.7,0.6,0.20931634,49925,0.04534720755401979
0.8,0.5,0.9,0.2,0.20932241,49925,0.04539670901209365
0.4,0.5,0.9,0.5,0.2093307,49925,0.04589379978200499
0.2,0.3,0.7,0.1,0.2093335,49925,0.04632732604020553
0.3,0.5,0.6,0.6,0.20933454,49925,0.04668561051516366
0.7,0.5,0.8,0.4,0.20933852,49925,0.04541478688552217
0.7,0.4,0.5,0.3,0.20934005,49925,0.04519098594846338
0.8,0.2,0.2,0.2,0.20934524,49925,0.0408148377865972
0.4,0.1,0.1,0.1,0.20934524,49925,0.0408148377865972
0.5,0.5,0.8,0.5,0.20934683,49925,0.04583315184658678
0.5,0.1,0.1,0.1,0.20935422,49925,0.03940897393635903
0.6,0.2,0.2,0.2,0.20936154,49925,0.04242362456492964
0.9,0.3,0.3,0.3,0.20936154,49925,0.04242362456492964
0.3,0.1,0.1,0.1,0.20936154,49925,0.04242362456492964
0.7,0.7,0.9,0.8,0.20936191,49925,0.045977159872673895
0.6,0.4,0.3,0.8,0.20936719,49925,0.04352987098083175
0.5,0.5,0.6,0.6,0.20936817,49925,0.045976977518457494
0.4,0.7,0.7,0.9,0.20936845,49925,0.04675689277248907
0.9,0.7,0.7,0.9,0.20937929,49925,0.04533568079478672
0.8,0.4,0.4,0.5,0.20937967,49925,0.04403911975771419
0.6,0.5,0.9,0.4,0.20938005,49925,0.04552546070007978
0.9,0.4,0.4,0.5,0.2093837,49925,0.0435905947011882
0.9,0.2,0.2,0.2,0.2094118,49925,0.04008593887155774
0.8,0.5,0.7,0.4,0.20941979,49925,0.04531001208961397
0.8,0.5,0.9,0.1,0.20942488,49925,0.04568951164602471
0.1,0.4,0.8,0.3,0.209427,49925,0.04682980031640322
0.3,0.4,0.9,0.2,0.20943801,49925,0.04604018083535787
0.3,0.2,0.4,0.1,0.20943893,49925,0.04522789644418716
0.6,0.4,0.8,0.2,0.20943893,49925,0.04522789644418716
0.9,0.7,0.8,0.8,0.20943955,49925,0.045562879982760825
0.6,0.5,0.8,0.5,0.2094448,49925,0.045531935238181116
0.8,0.7,0.7,0.9,0.20946655,49925,0.04560627179796763
0.7,0.4,0.4,0.5,0.20946851,49925,0.04450125820194365
0.3,0.5,0.9,0.5,0.20947635,49925,0.046206014790917196
0.9,0.5,0.7,0.2,0.20949025,49925,0.04548530137780196
0.7,0.4,0.6,0.2,0.20951447,49925,0.0453599728023198
0.1,0.7,0.7,0.9,0.20951524,49925,0.047663413849409704
0.4,0.6,0.8,0.7,0.209524,49925,0.0464487334440528
0.5,0.6,0.8,0.7,0.20953111,49925,0.04618739727060818
0.4,0.5,0.6,0.6,0.20953986,49925,0.04632563932814785
0.6,0.5,0.6,0.6,0.20954132,49925,0.04562153060653518
0.7,0.3,0.3,0.4,0.20954502,49925,0.043417295692811705
0.8,0.3,0.2,0.7,0.20954534,49925,0.04122322133746153
0.9,0.6,0.9,0.5,0.20954752,49925,0.045335984432893696
0.3,0.5,0.7,0.6,0.20956609,49925,0.04642286385165843
0.8,0.5,0.9,0.3,0.20956664,49925,0.0451814122588011
0.6,0.4,0.5,0.4,0.20958552,49925,0.04533536383127329
0.4,0.6,0.5,0.9,0.20958833,49925,0.0460598177428959
0.1,0.4,0.9,0.1,0.20959619,49925,0.047328048045978455
0.5,0.3,0.5,0.2,0.20959653,49925,0.045142898800991205
0.2,0.6,0.6,0.8,0.2096123,49925,0.04714074389279439
0.1,0.3,0.3,0.4,0.2096123,49925,0.04714074389279439
0.6,0.4,0.7,0.3,0.2096132,49925,0.04519460871953952
0.8,0.7,0.9,0.8,0.20961334,49925,0.04573290824714926
0.6,0.2,0.1,0.5,0.20961443,49925,0.04004023500715422
0.6,0.4,0.8,0.1,0.2096189,49925,0.04554353991794927
0.3,0.3,0.2,0.6,0.2096236,49925,0.044097966247329395
0.2,0.5,0.7,0.6,0.2096244,49925,0.04675224818557675
0.9,0.4,0.3,0.9,0.20962667,49925,0.04215528007687719
0.8,0.6,0.9,0.6,0.2096419,49925,0.045405835560953824
0.6,0.6,0.8,0.7,0.20964369,49925,0.04591375423012686
0.8,0.6,0.6,0.8,0.20964517,49925,0.045184386597886574
0.4,0.3,0.3,0.4,0.20964517,49925,0.045184386597886574
0.8,0.4,0.5,0.1,0.20965937,49925,0.045314892539517204
0.9,0.5,0.6,0.4,0.20966321,49925,0.04504886038196373
0.3,0.6,0.6,0.8,0.2096729,49925,0.04680684538649761
0.1,0.3,0.2,0.5,0.20967355,49925,0.046138805589630384
0.7,0.5,0.9,0.4,0.20967546,49925,0.045243486312427465
0.8,0.4,0.5,0.2,0.20968185,49925,0.04505150151566612
0.3,0.3,0.7,0.1,0.20968278,49925,0.04583737039466672
0.4,0.5,0.4,0.8,0.20968615,49925,0.045518026184038975
0.9,0.2,0.1,0.4,0.20968805,49925,0.03821842794054984
0.2,0.7,0.8,0.9,0.20969322,49925,0.04717382165992428
0.5,0.3,0.5,0.1,0.20970792,49925,0.04552900708424845
0.7,0.7,0.7,0.9,0.20970805,49925,0.04587465742165853
0.9,0.5,0.7,0.1,0.20972154,49925,0.04578018073873602
0.7,0.5,0.7,0.5,0.20972764,49925,0.04539803315039775
0.3,0.6,0.9,0.7,0.20972787,49925,0.04650612490711164
0.3,0.3,0.5,0.3,0.20972839,49925,0.04574305930189203
0.8,0.6,0.7,0.7,0.2097315,49925,0.04544737123610624
0.4,0.6,0.9,0.7,0.20973624,49925,0.04622743926241141
0.1,0.6,0.8,0.7,0.20973647,49925,0.04734646594104749
0.7,0.4,0.6,0.1,0.2097399,49925,0.04571419206410289
0.7,0.3,0.2,0.7,0.20974381,49925,0.04166805740889495
0.4,0.4,0.7,0.4,0.2097444,49925,0.04565146511632724
0.8,0.5,0.6,0.5,0.20974582,49925,0.04518707224154108
0.5,0.4,0.9,0.1,0.20974591,49925,0.045692037825861974
0.1,0.4,0.3,0.6,0.20975667,49925,0.04687660575456071
0.5,0.3,0.3,0.4,0.20976451,49925,0.0445681175665195
0.9,0.5,0.7,0.3,0.20976457,49925,0.0452159952191775
0.2,0.4,0.5,0.5,0.20977217,49925,0.046701528166912004
0.6,0.5,0.4,0.9,0.20977688,49925,0.04442985510523078
0.6,0.3,0.2,0.7,0.20977768,49925,0.04211162918456068
0.6,0.1,0.1,0.1,0.20978923,49925,0.03818496854516261
0.3,0.7,0.8,0.9,0.20979533,49925,0.046885603734190866
0.7,0.6,0.6,0.8,0.20980191,49925,0.04548834152009814
0.3,0.6,0.5,0.9,0.2098222,49925,0.04642561905667559
0.1,0.6,0.6,0.8,0.20985118,49925,0.0474983842088282
0.6,0.3,0.3,0.4,0.20985141,49925,0.04397698673356822
0.9,0.6,0.8,0.6,0.20988423,49925,0.045311253527413164
0.7,0.4,0.6,0.3,0.20989509,49925,0.045068768003871246
0.3,0.3,0.3,0.4,0.2098996,49925,0.04580424951717979
0.6,0.6,0.6,0.8,0.2098996,49925,0.04580424951717979
0.2,0.5,0.9,0.5,0.20989971,49925,0.04651671367734857
0.8,0.5,0.8,0.4,0.20991084,49925,0.04516198167197893
0.3,0.4,0.4,0.5,0.20991965,49925,0.0464347620355169
0.9,0.5,0.8,0.2,0.20992276,49925,0.04532162192882478
0.3,0.7,0.9,0.9,0.20993276,49925,0.04672466462659525
0.1,0.7,0.8,0.9,0.20993686,49925,0.047450141778640424
0.4,0.7,0.8,0.9,0.20994021,49925,0.0466348773971983
0.9,0.7,0.9,0.8,0.20995057,49925,0.045514523693832305
0.3,0.4,0.5,0.5,0.20995215,49925,0.04628619161003176
0.1,0.4,0.5,0.5,0.20995899,49925,0.047171623443397086
0.5,0.5,0.9,0.5,0.20998749,49925,0.04561132599467091
0.4,0.3,0.6,0.2,0.20999572,49925,0.045256720863171125
0.6,0.3,0.4,0.1,0.210028,49925,0.04525305732316989
0.9,0.5,0.6,0.5,0.21002863,49925,0.04484456449976271
0.3,0.3,0.1,0.8,0.21003577,49925,0.04145105701200039
0.8,0.3,0.3,0.4,0.2100379,49925,0.042850155064782826
0.5,0.4,0.3,0.8,0.21003921,49925,0.04392826032733966
0.5,0.7,0.7,0.9,0.21004193,49925,0.04645213467492918
0.9,0.5,0.8,0.3,0.21004513,49925,0.04509202071818187
0.8,0.4,0.3,0.9,0.21005292,49925,0.04247996886386703
0.7,0.1,0.1,0.1,0.21005368,49925,0.03708534953381616
0.7,0.4,0.7,0.2,0.21005537,49925,0.045141245167409534
0.9,0.6,0.6,0.8,0.21005799,49925,0.044877829314685584
0.3,0.4,0.2,0.9,0.21005872,49925,0.0433771024345432
0.5,0.6,0.9,0.7,0.21006101,49925,0.0459856195713072
0.3,0.5,0.4,0.8,0.21006934,49925,0.045946277631908526
0.6,0.7,0.7,0.9,0.21008319,49925,0.046161604268735466
0.5,0.4,0.9,0.2,0.21008348,49925,0.045350697810949664
0.1,0.4,0.7,0.4,0.21008867,49925,0.046795128389450893
0.9,0.3,0.2,0.7,0.21008888,49925,0.040803460699436134
0.7,0.6,0.8,0.7,0.21009529,49925,0.04563999533215348
0.9,0.5,0.5,0.7,0.21009715,49925,0.04426594043872745
0.4,0.5,0.7,0.6,0.21010706,49925,0.046111305612813576
0.5,0.3,0.6,0.1,0.2101074,49925,0.04520820907164021
0.5,0.5,0.7,0.6,0.21010976,49925,0.04581093145183166
0.5,0.2,0.2,0.3,0.21012817,49925,0.043038939780031496
0.1,0.4,0.2,0.8,0.21013582,49925,0.044823554134954494
0.4,0.3,0.5,0.3,0.2101379,49925,0.04527851741430484
0.7,0.4,0.5,0.4,0.21013948,49925,0.04494003388525641
0.1,0.4,0.9,0.2,0.21014306,49925,0.046835856807914855
0.7,0.7,0.8,0.9,0.21015637,49925,0.045877906229296855
0.2,0.6,0.7,0.8,0.21015865,49925,0.04695476340716772
0.9,0.4,0.4,0.6,0.21015951,49925,0.04344732094474957
0.9,0.5,0.7,0.4,0.21016377,49925,0.045011337910975856
0.1,0.3,0.7,0.1,0.21016467,49925,0.04686104926997262
0.8,0.7,0.8,0.9,0.21016625,49925,0.04563732098874537
0.5,0.7,0.8,0.9,0.21017212,49925,0.04638063833364354
0.5,0.4,0.5,0.5,0.21018995,49925,0.04546922364937371
0.7,0.5,0.6,0.6,0.2101917,49925,0.045290547097534516
0.5,0.4,0.8,0.3,0.21019407,49925,0.045299661016276735
0.7,0.4,0.7,0.1,0.21019512,49925,0.045439524224216585
0.8,0.4,0.5,0.3,0.21021491,49925,0.044799428833169716
0.9,0.5,0.8,0.1,0.21022666,49925,0.04561315546584552
0.6,0.7,0.8,0.9,0.21022883,49925,0.046129859169015894
0.1,0.5,0.3,0.9,0.21023363,49925,0.045864269900896974
0.8,0.5,0.9,0.4,0.21024537,49925,0.04497684522994606
0.3,0.6,0.7,0.8,0.21025597,49925,0.04663691320453583
0.5,0.3,0.4,0.3,0.21025814,49925,0.04505803982497909
0.5,0.3,0.2,0.7,0.21026666,49925,0.04257481251668481
0.2,0.6,0.9,0.7,0.21026763,49925,0.04677826578093332
0.4,0.6,0.6,0.8,0.21027027,49925,0.04647299548199861
0.2,0.3,0.3,0.4,0.21027027,49925,0.04647299548199861
0.7,0.5,0.5,0.7,0.21027783,49925,0.044969040362353004
0.9,0.6,0.7,0.7,0.21028577,49925,0.04517176443909863
0.9,0.7,0.8,0.9,0.2102917,49925,0.04539886169354096
0.4,0.7,0.9,0.9,0.21030557,49925,0.046472315125847354
0.9,0.3,0.3,0.4,0.21030799,49925,0.04234202126396912
0.8,0.5,0.7,0.5,0.2103135,49925,0.04511863183051699
0.2,0.5,0.5,0.7,0.21031877,49925,0.04686437270846378
0.5,0.5,0.4,0.9,0.21032119,49925,0.04477714923767867
0.9,0.4,0.5,0.1,0.21032166,49925,0.04483961757606148
0.2,0.6,0.5,0.9,0.21032882,49925,0.04676925741325759
0.5,0.7,0.9,0.9,0.21033135,49925,0.0462457795404649
0.6,0.4,0.6,0.4,0.21033987,49925,0.04517812444345415
0.3,0.2,0.3,0.2,0.21033987,49925,0.04517812444345415
0.9,0.6,0.9,0.6,0.21033987,49925,0.04517812444345415
0.9,0.5,0.8,0.4,0.21034455,49925,0.04488797175197648
0.9,0.3,0.1,0.9,0.21034977,49925,0.03889099916810843
0.9,0.5,0.9,0.2,0.2103596,49925,0.04513745542499553
0.3,0.4,0.3,0.7,0.21036422,49925,0.045226520027956546
0.7,0.4,0.7,0.3,0.21037155,49925,0.044874243553682566
0.6,0.3,0.4,0.2,0.21037236,49925,0.044883229891226104
0.8,0.5,0.5,0.7,0.21037498,49925,0.044623569287268766
0.1,0.3,0.1,0.7,0.21038349,49925,0.0429923484709438
0.4,0.2,0.3,0.1,0.21038729,49925,0.04500673787280466
0.8,0.4,0.6,0.2,0.21038729,49925,0.04500673787280466
0.4,0.4,0.5,0.5,0.21039529,49925,0.04586960679925469
0.8,0.6,0.8,0.7,0.21040276,49925,0.04538361965119712
0.5,0.6,0.6,0.8,0.21041545,49925,0.04612098124394096
0.6,0.5,0.5,0.7,0.21042073,49925,0.04534739625367363
0.5,0.4,0.7,0.4,0.21045655,49925,0.0453243657008529
0.7,0.4,0.3,0.9,0.21046102,49925,0.04284536201293316
0.9,0.5,0.9,0.3,0.21046813,49925,0.0449219671563155
0.1,0.5,0.5,0.7,0.2104701,49925,0.04726086193150055
0.7,0.5,0.8,0.5,0.21049759,49925,0.04523261487350947
0.7,0.4,0.8,0.1,0.21050155,49925,0.04522177918429954
0.3,0.5,0.5,0.7,0.210503,49925,0.04647379754006974
0.4,0.3,0.7,0.1,0.21052365,49925,0.045372748463500284
0.7,0.6,0.9,0.7,0.21053568,49925,0.045503301943868625
0.3,0.5,0.8,0.6,0.21054424,49925,0.04617281676076931
0.4,0.2,0.2,0.3,0.21054922,49925,0.043840179769915985
0.8,0.4,0.4,0.6,0.21054922,49925,0.043840179769915985
0.6,0.7,0.9,0.9,0.2105544,49925,0.046029309248858466
0.3,0.3,0.7,0.2,0.21056056,49925,0.04542266674621807
0.9,0.4,0.5,0.2,0.21056347,49925,0.0446175284999864
0.5,0.5,0.5,0.7,0.21057038,49925,0.04570210711684376
0.9,0.4,0.5,0.3,0.21058077,49925,0.04438503987034127
0.6,0.4,0.9,0.1,0.21059737,49925,0.04532173809132249
0.3,0.4,0.6,0.5,0.21059744,49925,0.04598626899928608
0.8,0.2,0.1,0.5,0.21060762,49925,0.03889314561981722
0.4,0.6,0.7,0.8,0.21060762,49925,0.04635864747722833
0.9,0.6,0.8,0.7,0.21061745,49925,0.04514733899477284
0.6,0.4,0.8,0.3,0.21063535,49925,0.044981220227964115
0.7,0.4,0.4,0.6,0.21065708,49925,0.044256005342147534
0.2,0.2,0.5,0.1,0.21065806,49925,0.0454487975109201
0.4,0.4,0.9,0.3,0.21067089,49925,0.04541876476062992
0.3,0.6,0.8,0.8,0.21067995,49925,0.04645929133440398
0.1,0.5,0.7,0.6,0.21068692,49925,0.04709370742765516
0.7,0.2,0.1,0.5,0.21068874,49925,0.03944671362269549
0.4,0.5,0.8,0.6,0.21069002,49925,0.04587251990214282
0.6,0.5,0.9,0.5,0.21069191,49925,0.045336861955325866
0.8,0.7,0.9,0.9,0.21070988,49925,0.0455788828851506
0.6,0.6,0.9,0.7,0.2107107,49925,0.04574048770794757
0.4,0.6,0.8,0.8,0.21071333,49925,0.04618390560375059
0.2,0.3,0.4,0.4,0.21071333,49925,0.04618390560375059
0.9,0.5,0.9,0.1,0.21071507,49925,0.045402668507518375
0.8,0.3,0.1,0.9,0.2107161,49925,0.039222130487205555
0.2,0.7,0.9,0.9,0.21071625,49925,0.04698028824160868
0.2,0.4,0.6,0.5,0.21072274,49925,0.046377010804876946
0.7,0.4,0.8,0.2,0.2107245,49925,0.0449056088814076
0.5,0.6,0.7,0.8,0.21072459,49925,0.04607868234435844
0.8,0.6,0.9,0.7,0.21073557,49925,0.04527215441996065
0.6,0.3,0.1,0.9,0.21073732,49925,0.0399078704904035
0.5,0.3,0.6,0.2,0.21074149,49925,0.044843878712770825
0.7,0.6,0.7,0.8,0.21074478,49925,0.045532601819784926
0.8,0.4,0.6,0.1,0.2107468,49925,0.04532394698079308
0.8,0.5,0.6,0.6,0.2107544,49925,0.044984727406835734
0.9,0.5,0.7,0.5,0.21075472,49925,0.04484092870794619
0.9,0.7,0.9,0.9,0.2107774,49925,0.04535198657880495
0.7,0.5,0.7,0.6,0.21078283,49925,0.04521774221064617
0.6,0.6,0.7,0.8,0.21079436,49925,0.04580207516248608
0.3,0.2,0.1,0.5,0.21081941,49925,0.04190567656662922
0.6,0.5,0.7,0.6,0.21082085,49925,0.04550788568195822
0.6,0.4,0.5,0.5,0.21082525,49925,0.045081592607884025
0.8,0.4,0.5,0.4,0.2108339,49925,0.044546460090064625
0.1,0.7,0.9,0.9,0.21083681,49925,0.04720203101978293
0.5,0.3,0.1,0.9,0.21083805,49925,0.04026386000280307
0.7,0.4,0.6,0.4,0.21084535,49925,0.04485807991341552
0.3,0.4,0.9,0.3,0.21086991,49925,0.045756965676871014
0.9,0.5,0.6,0.6,0.21087573,49925,0.04466328337137612
0.7,0.7,0.9,0.9,0.2108765,49925,0.04580690585365566
0.2,0.5,0.4,0.8,0.21087725,49925,0.04635658206817867
0.6,0.2,0.2,0.3,0.21088612,49925,0.042275510278069216
0.1,0.1,0.2,0.1,0.21090494,49925,0.04540253492838987
0.2,0.2,0.4,0.2,0.21090494,49925,0.04540253492838987
0.3,0.3,0.6,0.3,0.21090494,49925,0.045402534928389866
0.4,0.4,0.8,0.4,0.21090494,49925,0.04540253492838987
0.8,0.4,0.6,0.3,0.21090595,49925,0.04474097867492253
0.1,0.6,0.7,0.8,0.21091262,49925,0.04724600598440358
0.7,0.3,0.4,0.2,0.21093805,49925,0.04440609621113548
0.9,0.6,0.9,0.7,0.21093863,49925,0.0450500991837363
0.3,0.4,0.8,0.4,0.21094328,49925,0.04575091819713727
0.7,0.3,0.1,0.9,0.21095192,49925,0.03955188168728611
0.2,0.3,0.2,0.6,0.2109546,49925,0.044692652716817875
0.8,0.2,0.2,0.3,0.21096098,49925,0.04091481574472262
0.1,0.6,0.5,0.9,0.21096912,49925,0.04712855036486053
0.4,0.5,0.5,0.7,0.21097602,49925,0.04608290091799484
0.3,0.5,0.6,0.7,0.21098188,49925,0.04631521410699155
0.2,0.2,0.1,0.5,0.21098214,49925,0.042574977304052165
0.8,0.5,0.8,0.5,0.21099201,49925,0.044973632658534296
0.1,0.5,0.9,0.5,0.21099545,49925,0.046808340248739796
0.9,0.2,0.2,0.3,0.2110071,49925,0.040286928091645156
0.8,0.3,0.3,0.5,0.2110087,49925,0.04270311619097407
0.8,0.6,0.6,0.9,0.21103851,49925,0.04497035004266297
0.8,0.5,0.7,0.6,0.21103926,49925,0.044946285916991534
0.2,0.5,0.6,0.7,0.21104531,49925,0.04665439541124217
0.6,0.4,0.9,0.2,0.21104738,49925,0.045036729167841176
0.9,0.5,0.9,0.4,0.21105021,49925,0.04475134162005386
0.7,0.3,0.4,0.1,0.21105422,49925,0.04471215143076455
0.7,0.2,0.2,0.3,0.21105707,49925,0.04158736125158067
0.7,0.3,0.3,0.5,0.21105987,49925,0.0432042508670453
0.8,0.4,0.7,0.2,0.21106003,49925,0.04480375518228777
0.5,0.4,0.9,0.3,0.2110618,49925,0.045094669822824465
0.2,0.4,0.8,0.4,0.2110748,49925,0.046101114456867445
0.1,0.2,0.4,0.2,0.2110748,49925,0.046101114456867445
0.2,0.5,0.8,0.6,0.21109648,49925,0.0464718179335953
0.8,0.6,0.7,0.8,0.21113202,49925,0.045263042694274495
0.6,0.3,0.5,0.1,0.21114439,49925,0.04507428978899311
0.1,0.6,0.9,0.7,0.21114688,49925,0.0470392115128271
0.7,0.5,0.9,0.5,0.21116671,49925,0.045070792502669675
0.5,0.4,0.4,0.6,0.21118256,49925,0.04511383696535078
0.8,0.4,0.7,0.1,0.21118322,49925,0.045108502924814886
0.6,0.4,0.3,0.9,0.21118839,49925,0.043205315386626794
0.2,0.3,0.6,0.3,0.21120253,49925,0.045867517992396904
0.2,0.4,0.2,0.9,0.21120551,49925,0.04378510720339182
0.6,0.3,0.5,0.2,0.21121109,49925,0.044723154309122604
0.6,0.5,0.8,0.6,0.21121567,49925,0.04533670327707475
0.9,0.5,0.8,0.5,0.21121752,49925,0.04474616274260749
0.2,0.3,0.7,0.2,0.21122372,49925,0.04588491615848894
0.9,0.4,0.6,0.2,0.21122637,49925,0.04467204782426959
0.9,0.3,0.3,0.5,0.21122977,49925,0.042233291220639756
0.4,0.4,0.3,0.8,0.21123442,49925,0.04434826161033174
0.9,0.6,0.7,0.8,0.21124204,49925,0.04500090668103395
0.3,0.2,0.2,0.3,0.21124679,49925,0.044686579240576764
0.9,0.6,0.6,0.9,0.21124679,49925,0.04468657924057676
0.6,0.4,0.4,0.6,0.21124679,49925,0.044686579240576764
0.5,0.3,0.5,0.3,0.21127224,49925,0.044841463670495484
0.5,0.6,0.8,0.8,0.2112821,49925,0.04594868330083692
0.7,0.6,0.6,0.9,0.21128264,49925,0.045254035211586954
0.6,0.5,0.6,0.7,0.21128409,49925,0.045393087008217994
0.2,0.4,0.3,0.7,0.21129066,49925,0.04573749204322436
0.6,0.4,0.7,0.4,0.2112956,49925,0.044977364655299557
0.7,0.4,0.9,0.1,0.21130249,49925,0.04499730462899584
0.6,0.3,0.3,0.5,0.21130325,49925,0.04371003369139323
0.8,0.4,0.7,0.3,0.21131128,49925,0.044583535037632294
0.9,0.5,0.5,0.8,0.21131662,49925,0.04407826515556176
0.7,0.4,0.5,0.5,0.21132329,49925,0.044717524447871394
0.6,0.6,0.6,0.9,0.21133527,49925,0.04555786140473696
0.4,0.4,0.4,0.6,0.21133527,49925,0.04555786140473695
0.2,0.2,0.2,0.3,0.21133527,49925,0.04555786140473695
0.6,0.3,0.4,0.3,0.21133675,49925,0.04457939230787657
0.4,0.3,0.2,0.7,0.21134666,49925,0.04303451905372892
0.9,0.4,0.5,0.4,0.21134745,49925,0.044182130254447595
0.4,0.5,0.4,0.9,0.211357,49925,0.04514090967364791
0.4,0.3,0.7,0.2,0.21136525,49925,0.045022674397254235
0.2,0.4,0.4,0.6,0.21138124,49925,0.04646919831376364
0.1,0.2,0.2,0.3,0.21138124,49925,0.04646919831376364
0.3,0.6,0.6,0.9,0.21138124,49925,0.04646919831376364
0.7,0.4,0.9,0.2,0.21138427,49925,0.04473373946199713
0.5,0.4,0.6,0.5,0.21138903,49925,0.04531530268202559
0.7,0.6,0.8,0.8,0.21139066,49925,0.04546015493522272
0.4,0.3,0.4,0.4,0.21139385,49925,0.045216757308023554
0.8,0.6,0.8,0.8,0.21139385,49925,0.045216757308023554
0.5,0.6,0.6,0.9,0.21139452,49925,0.04586817364547812
0.2,0.6,0.8,0.8,0.21140128,49925,0.046728163101848616
0.1,0.3,0.4,0.4,0.21140128,49925,0.046728163101848616
0.4,0.3,0.1,0.9,0.21140718,49925,0.040599433387058265
0.9,0.5,0.7,0.6,0.2114144,49925,0.044691074013565535
0.4,0.4,0.6,0.5,0.2114147,49925,0.04564352821299001
0.6,0.6,0.8,0.8,0.21141484,49925,0.04570803124646688
0.3,0.3,0.4,0.4,0.21141484,49925,0.04570803124646688
0.7,0.4,0.8,0.3,0.21141843,49925,0.044674451662861187
0.2,0.6,0.6,0.9,0.21142568,49925,0.04675350628205998
0.7,0.5,0.8,0.6,0.21142636,49925,0.045073025157109994
0.4,0.6,0.6,0.9,0.21145748,49925,0.046165540680445746
0.2,0.4,0.9,0.3,0.21147047,49925,0.04610692280857943
0.5,0.5,0.8,0.6,0.21147868,49925,0.04559850117753156
0.8,0.4,0.6,0.4,0.2115091,49925,0.04454258315606239
0.4,0.2,0.3,0.2,0.2115091,49925,0.04454258315606239
0.8,0.1,0.1,0.1,0.21151467,49925,0.0361166726334712
0.9,0.6,0.8,0.8,0.21151702,49925,0.044982694314368174
0.7,0.5,0.6,0.7,0.21151805,49925,0.0450878864960137
0.5,0.4,0.8,0.4,0.21153854,49925,0.04509008098977773
0.9,0.4,0.4,0.7,0.2115505,49925,0.043269350781931594
0.2,0.3,0.1,0.8,0.21155709,49925,0.04182491865200482
0.5,0.6,0.9,0.8,0.2115726,49925,0.04576250517913843
0.8,0.5,0.5,0.8,0.21158111,49925,0.044394410293134866
0.8,0.5,0.8,0.6,0.21158911,49925,0.04482563293001599
0.8,0.4,0.5,0.5,0.21159592,49925,0.04435432494871525
0.4,0.6,0.9,0.8,0.21159807,49925,0.04601367325247212
0.8,0.4,0.4,0.7,0.21159887,49925,0.04361653908822475
0.9,0.5,0.6,0.7,0.21160032,49925,0.04449614222811067
0.6,0.4,0.6,0.5,0.21160695,49925,0.04498062378813214
0.4,0.3,0.6,0.3,0.21160853,49925,0.04499273566496116
0.8,0.5,0.9,0.5,0.21161799,49925,0.044819075627715546
0.9,0.4,0.6,0.3,0.21162753,49925,0.0444518425809561
0.9,0.4,0.6,0.1,0.21163706,49925,0.04492398640420863
0.1,0.4,0.4,0.6,0.21166357,49925,0.04691145838596001
0.5,0.3,0.7,0.1,0.21167397,49925,0.04493447143776011
0.4,0.5,0.9,0.6,0.21168476,49925,0.04566904420264921
0.5,0.5,0.6,0.7,0.21168801,49925,0.04569842861311653
0.7,0.5,0.5,0.8,0.21169165,49925,0.044726519499530694
0.3,0.4,0.4,0.6,0.21169335,49925,0.04602402654762611
0.7,0.4,0.7,0.4,0.21171561,49925,0.04468820161800079
0.3,0.5,0.9,0.6,0.21172898,49925,0.04593502672995941
0.9,0.2,0.1,0.5,0.21173202,49925,0.038379456281694646
0.8,0.4,0.8,0.2,0.2117323,49925,0.044613820227544565
0.4,0.2,0.4,0.1,0.2117323,49925,0.044613820227544565
0.6,0.5,0.5,0.8,0.21173537,49925,0.0450566502194905
0.4,0.5,0.6,0.7,0.21174209,49925,0.04600970388035999
0.6,0.3,0.6,0.2,0.21178262,49925,0.044495634946080706
0.3,0.5,0.7,0.7,0.21181473,49925,0.046106941665454294
0.6,0.4,0.9,0.3,0.21182948,49925,0.04480538907274681
0.1,0.6,0.8,0.8,0.2118299,49925,0.046979440860219136
0.7,0.4,0.4,0.7,0.2118483,49925,0.04399791959549183
0.1,0.5,0.4,0.8,0.21185121,49925,0.04676374616863688
0.1,0.2,0.5,0.1,0.21185787,49925,0.046124612495743456
0.6,0.3,0.6,0.1,0.2118612,49925,0.04480018090643377
0.9,0.3,0.2,0.8,0.21186249,49925,0.04066547551535443
0.3,0.6,0.9,0.8,0.21188958,49925,0.04624563221737309
0.5,0.5,0.9,0.6,0.21189117,49925,0.045407323710600356
0.7,0.6,0.9,0.8,0.2119019,49925,0.04532897548354404
0.5,0.3,0.3,0.5,0.21190602,49925,0.044223454645131534
0.5,0.4,0.3,0.9,0.21192706,49925,0.04356621060133709
0.1,0.5,0.6,0.7,0.21194157,49925,0.04699693423736317
0.1,0.3,0.7,0.2,0.21194236,49925,0.0463662276422957
0.8,0.6,0.9,0.8,0.21194647,49925,0.0451195496627823
0.5,0.3,0.4,0.4,0.21195547,49925,0.0447602529550361
0.7,0.4,0.6,0.5,0.21197657,49925,0.044665806950581644
0.8,0.5,0.6,0.7,0.21197984,49925,0.044785088380453655
0.9,0.4,0.7,0.2,0.21198803,49925,0.04450511608308405
0.7,0.3,0.2,0.8,0.21199045,49925,0.04142425956874852
0.4,0.5,0.7,0.7,0.21199158,49925,0.04581947306023972
0.3,0.4,0.7,0.5,0.2119971,49925,0.045725362813572035
0.8,0.4,0.8,0.3,0.21199822,49925,0.04442864821320586
0.1,0.4,0.6,0.5,0.21200615,49925,0.046752600637948095
0.6,0.6,0.9,0.8,0.21203369,49925,0.045542468791579194
0.8,0.3,0.2,0.8,0.21203771,49925,0.04103840498920667
0.4,0.4,0.7,0.5,0.21203855,49925,0.04539690398203199
0.7,0.5,0.7,0.7,0.21203913,49925,0.045033338060680356
0.9,0.5,0.5,0.9,0.21204779,49925,0.04387452640925631
0.5,0.5,0.5,0.8,0.21205007,49925,0.04540052048522068
0.1,0.6,0.6,0.9,0.21205077,49925,0.04706607546590396
0.8,0.4,0.8,0.1,0.21205422,49925,0.04490009812637782
0.4,0.6,0.7,0.9,0.21209157,49925,0.046076824561428635
0.1,0.4,0.9,0.3,0.21209934,49925,0.04647720503604617
0.3,0.2,0.4,0.2,0.21211033,49925,0.04479403598133447
0.6,0.4,0.8,0.4,0.21211033,49925,0.04479403598133447
0.4,0.3,0.3,0.5,0.21211463,49925,0.04475244765599242
0.9,0.5,0.9,0.5,0.21212094,49925,0.04458682794095476
0.6,0.3,0.2,0.8,0.21215062,49925,0.04179513646371712
0.7,0.5,0.9,0.6,0.21215074,49925,0.044917269411008307
0.6,0.5,0.7,0.7,0.21216805,49925,0.04529900404638243
0.5,0.5,0.7,0.7,0.21219063,49925,0.04555896832218557
0.9,0.5,0.8,0.6,0.21219252,49925,0.044593393129463615
0.9,0.4,0.5,0.5,0.21220587,49925,0.04399018372104928
0.3,0.5,0.4,0.9,0.2122114,49925,0.04551740964019765
0.3,0.6,0.7,0.9,0.21223202,49925,0.0463368211399962
0.7,0.3,0.4,0.3,0.21223347,49925,0.044122215054414285
0.1,0.3,0.6,0.3,0.21223406,49925,0.046309516196001294
0.3,0.2,0.5,0.1,0.21223503,49925,0.04485613716416562
0.5,0.2,0.2,0.4,0.21223584,49925,0.04275634481971882
0.4,0.4,0.9,0.4,0.2122367,49925,0.04519873604977463
0.6,0.3,0.5,0.3,0.21224068,49925,0.04447420094668336
0.8,0.4,0.9,0.1,0.21225184,49925,0.04470935465591309
0.9,0.6,0.9,0.8,0.21225727,49925,0.04490734483523421
0.5,0.6,0.7,0.9,0.21226035,49925,0.04582035311993038
0.7,0.4,0.9,0.3,0.21226454,49925,0.044506895431021765
0.7,0.3,0.5,0.2,0.21228628,49925,0.04433549764009355
0.2,0.6,0.7,0.9,0.2123093,49925,0.04660147562825985
0.8,0.3,0.3,0.6,0.21233419,49925,0.04254814891075424
0.9,0.4,0.6,0.4,0.21233568,49925,0.04424885535949553
0.2,0.3,0.5,0.4,0.21233849,49925,0.04582078417255565
0.6,0.4,0.4,0.7,0.21233949,49925,0.04438205364534575
0.2,0.5,0.7,0.7,0.21234432,49925,0.04638915313023111
0.8,0.4,0.7,0.4,0.21234486,49925,0.04441507295500984
0.8,0.3,0.4,0.1,0.21235365,49925,0.044145042078025186
0.8,0.2,0.2,0.4,0.21235713,49925,0.04090985145131448
0.4,0.1,0.1,0.2,0.21235713,49925,0.04090985145131448
0.3,0.5,0.5,0.8,0.21237975,49925,0.04608173253383123
0.8,0.5,0.5,0.9,0.21238798,49925,0.04417609875816477
0.6,0.3,0.7,0.1,0.21238953,49925,0.04456849374314381
0.8,0.4,0.9,0.2,0.2123949,49925,0.04446086503090109
0.8,0.3,0.4,0.2,0.2123973,49925,0.043893142352805906
0.9,0.4,0.7,0.3,0.21239813,49925,0.044305112772172736
0.4,0.3,0.8,0.1,0.21239884,49925,0.04513322362003197
0.3,0.3,0.2,0.7,0.21240523,49925,0.04352310947813223
0.4,0.5,0.5,0.8,0.21240987,49925,0.045748798304935966
0.5,0.3,0.7,0.2,0.21241081,49925,0.04463334399971343
0.3,0.3,0.8,0.1,0.2124232,49925,0.045515304249734635
0.1,0.4,0.3,0.7,0.2124335,49925,0.04619981138490297
0.7,0.3,0.5,0.1,0.21243832,49925,0.044654876024275564
0.1,0.5,0.8,0.6,0.21244505,49925,0.04675697736159958
0.9,0.4,0.7,0.1,0.21245043,49925,0.0447857502519861
0.5,0.4,0.7,0.5,0.21245264,49925,0.04509474908133499
0.8,0.6,0.7,0.9,0.21245605,49925,0.04508021388761408
0.6,0.6,0.7,0.9,0.21246266,49925,0.04558678158363345
0.3,0.3,0.1,0.9,0.21246403,49925,0.040901415140638005
0.2,0.4,0.5,0.6,0.21246512,49925,0.04625087510619725
0.2,0.4,0.7,0.5,0.21246566,49925,0.046048288177016415
0.5,0.4,0.9,0.4,0.2124795,49925,0.04489164736020491
0.5,0.2,0.1,0.6,0.2124897,49925,0.04031393180873664
0.8,0.4,0.6,0.5,0.21249641,49925,0.04437347433947995
0.9,0.2,0.2,0.4,0.21250656,49925,0.04034999383130754
0.9,0.4,0.4,0.8,0.21251647,49925,0.04308005667145929
0.5,0.2,0.3,0.1,0.21251994,49925,0.04433903564871187
0.3,0.3,0.5,0.4,0.21252193,49925,0.04537276889885322
0.9,0.6,0.7,0.9,0.2125262,49925,0.04481850336059478
0.3,0.4,0.3,0.8,0.21252719,49925,0.04475110997089876
0.7,0.3,0.3,0.6,0.2125275,49925,0.04296853279052874
0.4,0.5,0.8,0.7,0.21253388,49925,0.045625325947548916
0.1,0.4,0.8,0.4,0.21253735,49925,0.04643273489342184
0.7,0.6,0.7,0.9,0.2125445,49925,0.04532819316333401
0.6,0.3,0.4,0.4,0.21256593,49925,0.04434160255342734
0.6,0.5,0.9,0.6,0.21256828,49925,0.045163617336986726
0.6,0.4,0.7,0.5,0.21257204,49925,0.044799138073848534
0.6,0.2,0.1,0.6,0.21257806,49925,0.03981076399978498
0.3,0.4,0.5,0.6,0.21257919,49925,0.045890255018191446
0.5,0.3,0.2,0.8,0.2125975,49925,0.04217216013000306
0.4,0.3,0.5,0.4,0.2126061,49925,0.04500336443241151
0.7,0.4,0.5,0.6,0.2126192,49925,0.04448848709189572
0.3,0.1,0.1,0.2,0.2126361,49925,0.042128265852291166
0.9,0.3,0.3,0.6,0.2126361,49925,0.042128265852291166
0.6,0.2,0.2,0.4,0.2126361,49925,0.042128265852291166
0.2,0.3,0.8,0.1,0.21265823,49925,0.0459490514533949
0.3,0.3,0.7,0.3,0.21265973,49925,0.04511869775129754
0.2,0.6,0.9,0.8,0.21266718,49925,0.04648031161274665
0.5,0.6,0.8,0.9,0.21267758,49925,0.045706811505701404
0.8,0.5,0.7,0.7,0.21267928,49925,0.044773254482422156
0.3,0.3,0.3,0.5,0.2126861,49925,0.045298295649830844
0.5,0.4,0.4,0.7,0.21268654,49925,0.04476575853423207
0.5,0.3,0.6,0.3,0.21268806,49925,0.044601295030438616
0.5,0.4,0.5,0.6,0.21268812,49925,0.045197975751487374
0.9,0.4,0.8,0.2,0.21269786,49925,0.04434200994026018
0.2,0.5,0.5,0.8,0.21269897,49925,0.04640331566929763
0.9,0.5,0.7,0.7,0.21269971,49925,0.04452480460536698
0.7,0.4,0.8,0.4,0.21270216,49925,0.04450650093346809
0.8,0.4,0.4,0.8,0.21270618,49925,0.04340727913368178
0.6,0.3,0.3,0.6,0.21270618,49925,0.04340727913368178
0.2,0.1,0.1,0.2,0.21270618,49925,0.04340727913368178
0.4,0.2,0.2,0.4,0.21270618,49925,0.04340727913368178
0.7,0.2,0.1,0.6,0.21272977,49925,0.03934053823275191
0.6,0.5,0.8,0.7,0.21276358,49925,0.0451306447813035
0.9,0.1,0.1,0.1,0.21276417,49925,0.03526622526031697
0.5,0.1,0.1,0.2,0.21278393,49925,0.03981539408253904
0.9,0.4,0.8,0.3,0.21279024,49925,0.04416968788823644
0.7,0.5,0.5,0.9,0.21280015,49925,0.04446778042824549
0.2,0.5,0.9,0.6,0.21280296,49925,0.04620934259428589
0.8,0.3,0.4,0.3,0.21282223,49925,0.04366154010421078
0.2,0.3,0.3,0.5,0.21282817,49925,0.04583416308994449
0.7,0.6,0.8,0.9,0.21286629,49925,0.04527557536727681
0.3,0.4,0.9,0.4,0.2128821,49925,0.04550214753770699
0.6,0.6,0.8,0.9,0.21288534,49925,0.045485370476238726
0.9,0.4,0.8,0.1,0.21290885,49925,0.04460383055768793
0.4,0.3,0.7,0.3,0.2129101,49925,0.044734201182271366
0.8,0.6,0.8,0.9,0.21292572,49925,0.045054847675700276
0.4,0.6,0.8,0.9,0.21292657,49925,0.045921964285302826
0.5,0.5,0.8,0.7,0.21292892,49925,0.04535496100968587
0.4,0.4,0.5,0.6,0.21292897,49925,0.045530608676010845
0.9,0.6,0.8,0.9,0.21294016,49925,0.04482361433114671
0.7,0.3,0.4,0.4,0.21294072,49925,0.04387444498244537
0.1,0.4,0.2,0.9,0.21294923,49925,0.04417344894151308
0.2,0.5,0.4,0.9,0.21295157,49925,0.045864724057519235
0.9,0.4,0.7,0.4,0.21295355,49925,0.04415861941516757
0.3,0.6,0.8,0.9,0.21299577,49925,0.04615929981486979
0.7,0.2,0.2,0.4,0.21300246,49925,0.041501249949101454
0.8,0.5,0.9,0.6,0.21300276,49925,0.04468644335118401
0.8,0.4,0.5,0.6,0.21302167,49925,0.04416139118267988
0.9,0.5,0.9,0.6,0.21302785,49925,0.04445066795877401
0.6,0.3,0.7,0.2,0.21302867,49925,0.04426246710892657
0.4,0.2,0.1,0.6,0.21303011,49925,0.0408041523441731
0.1,0.2,0.1,0.5,0.21303031,49925,0.04322830411353578
0.6,0.4,0.5,0.6,0.21303047,49925,0.044839544462543124
0.7,0.5,0.8,0.7,0.21304026,49925,0.04490657778894959
0.4,0.4,0.8,0.5,0.21304552,49925,0.04519268366849853
0.5,0.3,0.5,0.4,0.21304706,49925,0.04460642623844408
0.3,0.3,0.8,0.2,0.21305713,49925,0.04515925004564446
0.4,0.3,0.8,0.2,0.21307233,49925,0.04479286076020036
0.6,0.5,0.5,0.9,0.21309721,49925,0.04477029179533337
0.6,0.4,0.9,0.4,0.21310788,49925,0.04461224639097891
0.8,0.4,0.9,0.3,0.21311118,49925,0.04425352311879375
0.1,0.3,0.2,0.6,0.21313211,49925,0.04526866151120356
0.4,0.2,0.4,0.2,0.21313275,49925,0.04425654987584287
0.2,0.1,0.2,0.1,0.21313275,49925,0.04425654987584287
0.6,0.3,0.6,0.3,0.21313275,49925,0.04425654987584286
0.8,0.4,0.8,0.4,0.21313275,49925,0.04425654987584287
0.7,0.4,0.4,0.8,0.21315175,49925,0.043733306868043595
0.3,0.4,0.6,0.6,0.21315418,49925,0.04564852748940515
0.7,0.3,0.6,0.2,0.21315745,49925,0.04413486017276846
0.9,0.4,0.6,0.5,0.21317098,49925,0.04408721781361092
0.8,0.5,0.8,0.7,0.21317892,49925,0.04468813429197601
0.4,0.4,0.4,0.7,0.21319132,49925,0.045164543881678273
0.7,0.4,0.7,0.5,0.21319307,49925,0.04451428796189126
0.7,0.3,0.5,0.3,0.21319331,49925,0.04410825802324412
0.5,0.6,0.9,0.9,0.21319924,49925,0.045540517160790564
0.4,0.5,0.6,0.8,0.21323144,49925,0.04570122510330549
0.5,0.2,0.3,0.2,0.21324101,49925,0.043970627854342324
0.5,0.3,0.8,0.1,0.21325435,49925,0.04475656263711932
0.8,0.6,0.9,0.9,0.21325868,49925,0.04497082049065188
0.1,0.6,0.7,0.9,0.21326156,49925,0.046871691022580236
0.1,0.5,0.5,0.8,0.21326321,49925,0.04674697045499007
0.1,0.6,0.9,0.8,0.21328144,49925,0.04669949236040165
0.9,0.2,0.1,0.6,0.21328144,49925,0.038416239348036174
0.9,0.3,0.4,0.1,0.21328612,49925,0.043597352072615315
0.1,0.5,0.7,0.7,0.213321,49925,0.04668079970748434
0.8,0.2,0.1,0.6,0.2133216,49925,0.03887125343200874
0.3,0.5,0.6,0.8,0.21332303,49925,0.04596617128954305
0.7,0.3,0.6,0.1,0.21332382,49925,0.044417471717120655
0.7,0.5,0.6,0.8,0.2133261,49925,0.04485993467782408
0.1,0.3,0.1,0.8,0.21333009,49925,0.042200705295577366
0.4,0.4,0.3,0.9,0.21333411,49925,0.04392498980732509
0.8,0.4,0.7,0.5,0.21334676,49925,0.04426132440968928
0.6,0.5,0.6,0.8,0.21336491,49925,0.045151631128940994
0.5,0.3,0.3,0.6,0.21336503,49925,0.043851995537611634
0.6,0.4,0.6,0.6,0.21337801,49925,0.04476542045421901
0.3,0.2,0.3,0.3,0.21337801,49925,0.04476542045421901
0.9,0.6,0.9,0.9,0.21337801,49925,0.04476542045421901
0.9,0.4,0.5,0.6,0.2133793,49925,0.043830073171344026
0.3,0.5,0.8,0.7,0.21339153,49925,0.04588897409508441
0.1,0.4,0.5,0.6,0.21341248,49925,0.04662549240979426
0.9,0.5,0.6,0.8,0.21342595,49925,0.04431482333068191
0.9,0.4,0.9,0.2,0.21342602,49925,0.044203633281215335
0.9,0.4,0.9,0.3,0.21343575,49925,0.044015365257040855
0.5,0.5,0.6,0.8,0.21343869,49925,0.04542464940964968
0.9,0.3,0.2,0.9,0.2134471,49925,0.0404957464593998
0.5,0.5,0.9,0.7,0.21345507,49925,0.045193110314470666
0.9,0.4,0.8,0.4,0.21346256,49925,0.044011589421381524
0.2,0.3,0.1,0.9,0.21350023,49925,0.0411989326229557
0.7,0.6,0.9,0.9,0.21350507,49925,0.04515059754570835
0.2,0.6,0.8,0.9,0.21352014,49925,0.04638316526070562
0.4,0.6,0.9,0.9,0.21352136,49925,0.045744493067620795
0.3,0.2,0.1,0.6,0.2135247,49925,0.04128684841852432
0.4,0.2,0.5,0.1,0.21352729,49925,0.04431997435391197
0.5,0.5,0.5,0.9,0.21353948,49925,0.045074925983984424
0.1,0.3,0.3,0.5,0.21354106,49925,0.04636905025388012
0.5,0.4,0.6,0.6,0.213542,49925,0.04505363882981958
0.8,0.5,0.6,0.8,0.21355066,49925,0.04458900197638274
0.9,0.3,0.3,0.7,0.21355425,49925,0.04195302095823963
0.3,0.4,0.4,0.7,0.21355562,49925,0.045537800454777656
0.8,0.3,0.5,0.2,0.21356563,49925,0.04399190634696547
0.9,0.5,0.8,0.7,0.21356742,49925,0.04445221687047021
0.9,0.4,0.9,0.1,0.21357745,49925,0.044439763711676065
0.3,0.4,0.8,0.5,0.21357846,49925,0.04547074237071361
0.2,0.5,0.6,0.8,0.21358055,49925,0.04626843054228152
0.5,0.3,0.7,0.3,0.21359801,49925,0.04438789623517811
0.7,0.4,0.9,0.4,0.21361648,49925,0.04435918976911969
0.4,0.4,0.6,0.6,0.21362796,49925,0.045332832092716394
0.2,0.2,0.3,0.3,0.21362796,49925,0.045332832092716394
0.6,0.6,0.9,0.9,0.21362796,49925,0.04533283209271639
0.9,0.4,0.4,0.9,0.21366318,49925,0.04286713068959697
0.5,0.4,0.8,0.5,0.2136691,49925,0.044900476756108754
0.9,0.3,0.4,0.2,0.21367142,49925,0.04341919693086135
0.7,0.3,0.6,0.3,0.21368825,49925,0.04392499392327017
0.2,0.4,0.3,0.8,0.2136883,49925,0.045154859848607655
0.6,0.3,0.5,0.4,0.21371257,49925,0.044257175190375475
0.3,0.2,0.2,0.4,0.21372846,49925,0.04407084814540424
0.6,0.4,0.4,0.8,0.21372846,49925,0.04407084814540424
0.5,0.2,0.4,0.1,0.21373133,49925,0.04409000825508967
0.7,0.4,0.6,0.6,0.21373768,49925,0.0444698874649529
0.1,0.3,0.5,0.4,0.21373841,49925,0.046232399544207936
0.7,0.5,0.9,0.7,0.21375811,49925,0.04474705491513997
0.8,0.3,0.5,0.3,0.21376598,49925,0.043768878728504164
0.8,0.3,0.5,0.1,0.2137726,49925,0.04426978421812786
0.6,0.1,0.1,0.2,0.2137766,49925,0.03881846860090272
0.4,0.2,0.3,0.3,0.21378848,49925,0.04421385226594701
0.8,0.4,0.6,0.6,0.21378848,49925,0.04421385226594701
0.1,0.4,0.7,0.5,0.21379648,49925,0.046381694780004555
0.8,0.5,0.9,0.7,0.21380116,49925,0.044556400929273696
0.8,0.4,0.9,0.4,0.21381117,49925,0.04411240004654486
0.7,0.3,0.7,0.2,0.21381524,49925,0.04393851334268158
0.1,0.5,0.4,0.9,0.21382335,49925,0.0462043753729078
0.2,0.5,0.8,0.7,0.21382764,49925,0.046127081797503314
0.5,0.5,0.7,0.8,0.2138454,49925,0.04529812626222007
0.7,0.5,0.7,0.8,0.2138764,49925,0.044843388091341176
0.4,0.3,0.2,0.8,0.21387683,49925,0.042561592120846654
0.8,0.3,0.3,0.7,0.21388316,49925,0.04232874752828087
0.9,0.3,0.4,0.3,0.21388932,49925,0.043225463319495415
0.8,0.3,0.4,0.4,0.21389392,49925,0.043481110061098435
0.4,0.5,0.5,0.9,0.21390408,49925,0.0453562968822219
0.7,0.3,0.7,0.1,0.21390562,49925,0.04423083137681484
0.6,0.4,0.8,0.5,0.21391179,49925,0.04462794049281692
0.6,0.5,0.9,0.7,0.21391523,49925,0.044965992680908964
0.1,0.5,0.9,0.6,0.21393459,49925,0.046467608165558644
0.1,0.3,0.8,0.1,0.21394908,49925,0.04637668775853694
0.9,0.4,0.7,0.5,0.21396424,49925,0.04401542248484117
0.7,0.4,0.8,0.5,0.21396542,49925,0.04437110429086508
0.8,0.3,0.2,0.9,0.21396984,49925,0.040808245278173595
0.2,0.3,0.2,0.7,0.21399575,49925,0.043983341087138084
0.1,0.2,0.3,0.3,0.21402217,49925,0.04594721661057479
0.3,0.6,0.9,0.9,0.21402217,49925,0.0459472166105748
0.2,0.4,0.6,0.6,0.21402217,49925,0.04594721661057479
0.4,0.5,0.9,0.7,0.21402493,49925,0.045435422978001835
0.8,0.4,0.8,0.5,0.21403444,49925,0.04411514962210923
0.6,0.5,0.7,0.8,0.21403758,49925,0.04507033212186727
0.7,0.3,0.5,0.4,0.21405047,49925,0.0439159053646507
0.8,0.4,0.4,0.9,0.2140542,49925,0.04314475566762371
0.3,0.2,0.5,0.2,0.21405636,49925,0.04446573913503387
0.6,0.3,0.8,0.1,0.21408638,49925,0.044387832627782356
0.7,0.2,0.2,0.5,0.21410479,49925,0.04132635253695112
0.5,0.4,0.4,0.8,0.21410914,49925,0.044396432943928706
0.2,0.3,0.8,0.2,0.21411952,49925,0.045546549973159337
0.9,0.4,0.9,0.4,0.21413822,49925,0.043886989350832545
0.4,0.4,0.7,0.6,0.21414898,49925,0.04513364575660882
0.4,0.5,0.7,0.8,0.21415196,49925,0.04553691095572399
0.8,0.2,0.2,0.5,0.2141704,49925,0.04080993051623022
0.5,0.3,0.8,0.2,0.21417543,49925,0.044435725517661444
0.8,0.3,0.6,0.2,0.21417993,49925,0.043832716888470194
0.7,0.3,0.3,0.7,0.21418053,49925,0.042702932510833916
0.7,0.3,0.2,0.9,0.21418059,49925,0.04114014988284675
0.9,0.4,0.6,0.6,0.21419513,49925,0.04394314025725451
0.9,0.5,0.7,0.8,0.21420237,49925,0.044359971103958555
0.9,0.5,0.9,0.7,0.21420461,49925,0.04435275327856996
0.3,0.3,0.6,0.4,0.21422543,49925,0.045115048160482785
0.1,0.6,0.8,0.9,0.21423319,49925,0.046623641579244084
0.5,0.2,0.4,0.2,0.21423492,49925,0.043785579944002104
0.6,0.3,0.7,0.3,0.21424086,49925,0.0440721638690008
0.2,0.4,0.4,0.7,0.21424711,49925,0.045916384670014555
0.9,0.4,0.8,0.5,0.21426526,49925,0.043893742986814976
0.4,0.3,0.4,0.5,0.21427703,49925,0.044862928038565585
0.2,0.3,0.7,0.3,0.21428224,49925,0.045513852225307634
0.3,0.3,0.4,0.5,0.21431427,49925,0.0452486318370873
0.5,0.4,0.7,0.6,0.2143423,49925,0.04485562840621798
0.6,0.3,0.4,0.5,0.2143493,49925,0.04407302980210708
0.2,0.4,0.9,0.4,0.21435021,49925,0.04581149558043706
0.8,0.5,0.7,0.8,0.2143627,49925,0.04459885927573564
0.3,0.5,0.7,0.8,0.21438807,49925,0.045776759097270275
0.6,0.2,0.2,0.5,0.21438916,49925,0.041853143670110775
0.5,0.4,0.5,0.7,0.21439289,49925,0.04490105900128899
0.4,0.3,0.3,0.6,0.21440855,49925,0.04428459376210071
0.2,0.2,0.5,0.2,0.21441683,49925,0.04499514421535897
0.7,0.4,0.7,0.6,0.21441722,49925,0.04437295334074974
0.6,0.3,0.8,0.2,0.21443725,49925,0.04411896810695749
0.6,0.2,0.3,0.2,0.2144396,49925,0.04339021581516802
0.6,0.5,0.8,0.8,0.21444185,49925,0.044922212051762216
0.6,0.2,0.3,0.1,0.21444331,49925,0.04371837348306805
0.8,0.3,0.6,0.1,0.21445236,49925,0.04408405069349841
0.5,0.3,0.9,0.1,0.21446756,49925,0.04457707801505129
0.6,0.3,0.6,0.4,0.21447542,49925,0.044090066540792755
0.9,0.5,0.6,0.9,0.21450682,49925,0.044119210341363874
0.6,0.4,0.5,0.7,0.21451938,49925,0.04457038714421191
0.3,0.5,0.5,0.9,0.21452424,49925,0.045656751828963296
0.3,0.4,0.3,0.9,0.21452503,49925,0.04426115336579782
0.7,0.3,0.7,0.3,0.21453376,49925,0.04377348844539013
0.5,0.3,0.6,0.4,0.21454027,49925,0.0444006445605867
0.6,0.3,0.3,0.7,0.21455336,49925,0.043060615080101484
0.5,0.2,0.3,0.3,0.21456939,49925,0.04368631986425237
0.1,0.5,0.6,0.8,0.21457773,49925,0.04653585431623579
0.8,0.5,0.6,0.9,0.21458283,49925,0.04437581018776892
0.9,0.3,0.4,0.4,0.21458283,49925,0.0430698786157548
0.4,0.3,0.6,0.4,0.21458924,49925,0.044741354430671565
0.4,0.3,0.9,0.1,0.2145902,49925,0.04489984229220114
0.8,0.4,0.5,0.7,0.21459696,49925,0.04394712309927139
0.3,0.2,0.6,0.1,0.21460108,49925,0.0445696266294299
0.3,0.5,0.9,0.7,0.21460581,49925,0.04565221967507821
0.2,0.6,0.9,0.9,0.21461438,49925,0.04615848266187486
0.8,0.3,0.6,0.3,0.2146275,49925,0.04365097750976764
0.9,0.2,0.2,0.5,0.21463604,49925,0.04032227369917617
0.5,0.2,0.2,0.5,0.21464205,49925,0.04238013180998446
0.2,0.2,0.1,0.6,0.2146684,49925,0.041760443261709856
0.5,0.3,0.4,0.5,0.2146707,49925,0.04446213758328747
0.8,0.3,0.5,0.4,0.21469358,49925,0.0436228279018846
0.9,0.4,0.5,0.7,0.21469617,49925,0.04364771358718135
0.7,0.5,0.6,0.9,0.21470341,49925,0.04463099123152994
0.7,0.3,0.4,0.5,0.21470451,49925,0.04368849568155574
0.6,0.5,0.6,0.9,0.21470667,49925,0.044894863452427304
0.7,0.4,0.4,0.9,0.21471345,49925,0.043447321240358536
0.6,0.4,0.7,0.6,0.2147135,49925,0.044606633163691685
0.8,0.2,0.1,0.7,0.21472818,49925,0.03875990139531515
0.7,0.5,0.8,0.8,0.21474022,49925,0.04472026393934022
0.2,0.3,0.4,0.5,0.2147414,49925,0.04565741880241133
0.6,0.3,0.2,0.9,0.214753,49925,0.04146422490265694
0.6,0.4,0.9,0.5,0.21476519,49925,0.04446396749147861
0.5,0.5,0.8,0.8,0.21477205,49925,0.04512559463517289
0.9,0.5,0.8,0.8,0.21477957,49925,0.04430143976947511
0.8,0.4,0.7,0.6,0.21478166,49925,0.0441117099395666
0.4,0.4,0.5,0.7,0.21479112,49925,0.04518930570969915
0.2,0.4,0.8,0.5,0.2148049,49925,0.04576609281000268
0.7,0.3,0.8,0.1,0.21482845,49925,0.04406887332373942
0.7,0.4,0.9,0.5,0.21483079,49925,0.04421829380061735
0.7,0.4,0.5,0.7,0.21483678,49925,0.044259277142229166
0.1,0.5,0.8,0.7,0.21484317,49925,0.046370381938903
0.5,0.3,0.2,0.9,0.21485591,49925,0.04177421944786518
0.5,0.2,0.5,0.1,0.21485662,49925,0.04384319562816399
0.8,0.4,0.9,0.5,0.21485892,49925,0.04399085014622744
0.8,0.5,0.8,0.8,0.21487808,49925,0.044513757242482715
0.4,0.3,0.8,0.3,0.21488395,49925,0.044558662406504856
0.3,0.3,0.9,0.1,0.21488458,49925,0.045238064531426016
0.2,0.5,0.7,0.8,0.21489553,49925,0.046024587087896605
0.6,0.2,0.1,0.7,0.21492326,49925,0.03953160191621868
0.9,0.2,0.1,0.7,0.21493018,49925,0.03838150001982043
0.9,0.3,0.5,0.2,0.21494815,49925,0.043657384822436945
0.9,0.4,0.9,0.5,0.21495742,49925,0.043783033780240524
0.4,0.5,0.8,0.8,0.21496004,49925,0.04534294907699263
0.8,0.3,0.4,0.5,0.21496263,49925,0.04330193528161294
0.3,0.4,0.7,0.6,0.21496773,49925,0.04541000640366826
0.4,0.4,0.9,0.5,0.21497273,49925,0.0449938860039584
0.2,0.5,0.5,0.9,0.21497351,49925,0.04595860205041645
0.4,0.2,0.5,0.2,0.2149881,49925,0.04398561914573309
0.4,0.4,0.4,0.8,0.21501166,49925,0.04472930958199518
0.3,0.3,0.3,0.6,0.21501166,49925,0.04472930958199518
0.2,0.2,0.2,0.4,0.21501166,49925,0.04472930958199518
0.1,0.1,0.1,0.2,0.21501166,49925,0.04472930958199518
0.9,0.4,0.7,0.6,0.21501486,49925,0.043886813131536466
0.1,0.4,0.4,0.7,0.21502672,49925,0.046296564122248175
0.5,0.5,0.6,0.9,0.21503684,49925,0.04513555740132892
0.1,0.4,0.6,0.6,0.21504699,49925,0.04627026608439982
0.4,0.3,0.9,0.2,0.21506885,49925,0.04460010687207427
0.9,0.3,0.5,0.3,0.21507965,49925,0.043433493448683094
0.2,0.5,0.9,0.7,0.21508926,49925,0.045877695532478176
0.5,0.4,0.9,0.5,0.21509689,49925,0.04473735689413408
0.7,0.3,0.8,0.2,0.21511064,49925,0.04380573532361428
0.7,0.2,0.1,0.7,0.21512814,49925,0.03914229913167055
0.2,0.3,0.6,0.4,0.21514049,49925,0.04547124717164942
0.3,0.3,0.2,0.8,0.21514183,49925,0.04295110074812478
0.2,0.2,0.6,0.1,0.21516228,49925,0.04505558584159705
0.5,0.3,0.3,0.7,0.21516356,49925,0.04344440602621912
0.1,0.4,0.3,0.8,0.21516816,49925,0.04556004173023695
0.7,0.1,0.1,0.2,0.21516964,49925,0.03793512025386785
0.6,0.4,0.4,0.9,0.21517289,49925,0.04373842659100909
0.3,0.4,0.5,0.7,0.21518686,49925,0.04547585756206701
0.7,0.3,0.6,0.4,0.21518718,49925,0.043784717708029955
0.9,0.3,0.3,0.8,0.21518935,49925,0.04175557517210153
0.5,0.3,0.9,0.2,0.21519206,49925,0.04427565729079647
0.4,0.5,0.6,0.9,0.21520075,49925,0.045362098232924086
0.6,0.3,0.9,0.1,0.21520086,49925,0.04425135878062422
0.5,0.3,0.8,0.3,0.21520457,49925,0.04422874326389751
0.9,0.3,0.5,0.1,0.21522614,49925,0.043896056865165664
0.5,0.4,0.6,0.7,0.21524198,49925,0.04477245678567467
0.5,0.2,0.1,0.7,0.21527693,49925,0.0399280238361268
0.8,0.5,0.9,0.8,0.21533419,49925,0.0443969943300095
0.6,0.5,0.9,0.8,0.21537378,49925,0.04477262682675579
0.4,0.2,0.4,0.3,0.21537745,49925,0.04400209422289972
0.8,0.4,0.8,0.6,0.21537745,49925,0.04400209422289972
0.4,0.3,0.5,0.5,0.21538237,49925,0.04466938857793971
0.7,0.5,0.9,0.8,0.21538834,49925,0.04457848305405928
0.3,0.5,0.8,0.8,0.21538967,49925,0.04556427775643757
0.5,0.2,0.5,0.2,0.21539582,49925,0.0435573710032745
0.2,0.4,0.5,0.7,0.21541771,49925,0.04579122709073895
0.6,0.3,0.8,0.3,0.21542975,49925,0.04391714884759067
0.7,0.4,0.8,0.6,0.21543247,49925,0.044214117725964605
0.8,0.3,0.7,0.2,0.21546562,49925,0.04365616951426507
0.9,0.3,0.6,0.2,0.21546668,49925,0.0435593806118761
0.9,0.5,0.9,0.8,0.2154687,49925,0.04422366610689319
0.6,0.2,0.4,0.2,0.215482,49925,0.04337203178866028
0.3,0.1,0.2,0.1,0.215482,49925,0.04337203178866028
0.9,0.3,0.6,0.3,0.215482,49925,0.04337203178866028
0.3,0.4,0.9,0.5,0.21548288,49925,0.04523675320539952
0.8,0.3,0.3,0.8,0.21548395,49925,0.042085493971420834
0.9,0.3,0.4,0.5,0.21548834,49925,0.04293473877238232
0.5,0.3,0.5,0.5,0.21549371,49925,0.04435422249712699
0.4,0.4,0.6,0.7,0.21550736,49925,0.04501393654018425
0.6,0.5,0.7,0.9,0.21551596,49925,0.04483191579790648
0.7,0.5,0.7,0.9,0.21552229,49925,0.044625462884852016
0.6,0.4,0.6,0.7,0.21552958,49925,0.04452806973708786
0.5,0.5,0.9,0.8,0.2155321,49925,0.04498444030308902
0.3,0.3,0.5,0.5,0.21553266,49925,0.04499339340160821
0.8,0.3,0.7,0.1,0.215552,49925,0.04391417302763257
0.4,0.2,0.2,0.5,0.2155616,49925,0.04288388845587531
0.3,0.5,0.6,0.9,0.21557245,49925,0.04561139240314855
0.9,0.3,0.6,0.1,0.21557976,49925,0.04378141578809493
0.6,0.4,0.8,0.6,0.21558054,49925,0.04443764046653466
0.3,0.2,0.4,0.3,0.21558054,49925,0.04443764046653466
0.9,0.3,0.5,0.4,0.21559623,49925,0.0432912790044442
0.6,0.3,0.7,0.4,0.21559799,49925,0.043918331266475576
0.4,0.2,0.6,0.1,0.21560341,49925,0.04410154805800423
0.6,0.2,0.4,0.1,0.21560562,49925,0.043651707746761984
0.2,0.4,0.7,0.6,0.21561761,49925,0.0456527844323765
0.6,0.2,0.3,0.3,0.21561967,49925,0.04317285106869537
0.9,0.4,0.5,0.8,0.21562932,49925,0.043458983756767156
0.8,0.3,0.7,0.3,0.2156298,49925,0.043496848942159355
0.7,0.3,0.5,0.5,0.21563493,49925,0.04374321355100566
0.1,0.3,0.4,0.5,0.21563846,49925,0.046052547699044946
0.8,0.3,0.6,0.4,0.21564963,49925,0.04350660271363429
0.7,0.3,0.3,0.8,0.21565433,49925,0.04240481933386077
0.1,0.6,0.9,0.9,0.21565448,49925,0.04637978875861342
0.7,0.2,0.3,0.2,0.2156821,49925,0.042829642314992394
0.7,0.4,0.6,0.7,0.21568394,49925,0.044276755408190226
0.9,0.4,0.6,0.7,0.21568638,49925,0.04379010706783481
0.1,0.4,0.9,0.4,0.21568935,49925,0.046120958041996514
0.5,0.3,0.7,0.4,0.21570909,49925,0.04420812507958627
0.8,0.5,0.7,0.9,0.21572761,49925,0.04441274658477526
0.5,0.4,0.8,0.6,0.21572849,49925,0.044686169161175925
0.1,0.5,0.5,0.9,0.21573795,49925,0.04624060274289129
0.6,0.3,0.5,0.5,0.21574786,49925,0.04404529463110308
0.3,0.4,0.4,0.8,0.2157651,49925,0.0450490503562549
0.9,0.4,0.8,0.6,0.21576618,49925,0.043790599589762294
0.4,0.2,0.1,0.7,0.21576965,49925,0.04029825853946014
0.9,0.5,0.7,0.9,0.21577068,49925,0.044196946368314824
0.8,0.4,0.6,0.7,0.21577188,49925,0.04402165151439929
0.2,0.3,0.9,0.1,0.21577287,49925,0.04557573794099754
0.8,0.4,0.5,0.8,0.21578033,49925,0.043740183574607176
0.7,0.3,0.7,0.4,0.21578267,49925,0.0436438190382266
0.4,0.3,0.7,0.4,0.21578717,49925,0.044541521171956824
0.4,0.3,0.2,0.9,0.21579999,49925,0.042088081211331126
0.3,0.3,0.8,0.3,0.21580687,49925,0.04487740811744153
0.1,0.3,0.1,0.9,0.21581173,49925,0.04145363939353127
0.1,0.5,0.7,0.8,0.21582356,49925,0.04628355951576075
0.7,0.3,0.8,0.3,0.21586156,49925,0.04364062706852351
0.5,0.5,0.7,0.9,0.21587962,49925,0.04504015834652126
0.2,0.5,0.6,0.9,0.21592459,49925,0.0458449445170783
0.1,0.4,0.8,0.5,0.21595745,49925,0.04605024548214204
0.7,0.2,0.3,0.1,0.21595901,49925,0.043077391795612846
0.2,0.4,0.3,0.9,0.21598488,49925,0.044597080529725476
0.7,0.3,0.9,0.1,0.21599495,49925,0.043929755320026735
0.2,0.2,0.4,0.3,0.21600981,49925,0.04492509984884454
0.4,0.4,0.8,0.6,0.21600981,49925,0.04492509984884454
0.1,0.3,0.2,0.7,0.21600994,49925,0.044441082013590684
0.5,0.4,0.4,0.9,0.21601224,49925,0.04404275821160404
0.8,0.3,0.8,0.2,0.21602726,49925,0.043526807830912374
0.9,0.3,0.7,0.2,0.21602878,49925,0.04340761330875925
0.8,0.3,0.5,0.5,0.21603379,49925,0.043452000039531286
0.3,0.4,0.6,0.7,0.21603383,49925,0.045274694687674075
0.5,0.2,0.4,0.3,0.21606258,49925,0.043579956769963915
0.4,0.5,0.7,0.9,0.21606666,49925,0.04523288603860502
0.7,0.2,0.2,0.6,0.21606836,49925,0.04108548437364892
0.8,0.3,0.8,0.1,0.21610701,49925,0.043761809085584434
0.9,0.3,0.6,0.4,0.216169,49925,0.04326575068207108
0.7,0.4,0.5,0.8,0.21617575,49925,0.04401458063188997
0.3,0.3,0.9,0.2,0.21617717,49925,0.04490709266065297
0.4,0.5,0.9,0.8,0.21621875,49925,0.04516303765243266
0.6,0.3,0.4,0.6,0.21622878,49925,0.043795214478989784
0.9,0.3,0.7,0.1,0.21623847,49925,0.043627525952061166
0.6,0.5,0.8,0.9,0.21624511,49925,0.04469281747033878
0.7,0.5,0.8,0.9,0.21626145,49925,0.04452677993694936
0.9,0.4,0.9,0.6,0.21627294,49925,0.04368671185121684
0.2,0.3,0.5,0.5,0.21627314,49925,0.045317518773856216
0.4,0.3,0.3,0.7,0.21627568,49925,0.04382619871630961
0.7,0.3,0.9,0.2,0.2162815,49925,0.04371321110917191
0.2,0.3,0.3,0.6,0.21628472,49925,0.04516238820770593
0.6,0.3,0.9,0.2,0.21629155,49925,0.04396715228042452
0.4,0.1,0.1,0.3,0.21629222,49925,0.04064761859726581
0.8,0.2,0.2,0.6,0.21629222,49925,0.04064761859726581
0.1,0.4,0.5,0.7,0.21629472,49925,0.0460706239975046
0.8,0.5,0.8,0.9,0.21630013,49925,0.04433794027195299
0.8,0.4,0.7,0.7,0.21631175,49925,0.0439684990959755
0.1,0.3,0.7,0.3,0.21633647,49925,0.045918856592532746
0.7,0.3,0.4,0.6,0.21633758,49925,0.04343504478283514
0.1,0.3,0.6,0.4,0.21634209,49925,0.045820349549542116
0.9,0.5,0.8,0.9,0.21635345,49925,0.04415617339615919
0.8,0.4,0.9,0.6,0.21635523,49925,0.0438748792769552
0.5,0.5,0.8,0.9,0.21636613,49925,0.044876088681881816
0.9,0.4,0.7,0.7,0.2163842,49925,0.04374719095632301
0.5,0.4,0.7,0.7,0.21640639,49925,0.044598994750655034
0.6,0.4,0.7,0.7,0.21640968,49925,0.0443775219469072
0.8,0.1,0.1,0.2,0.21641324,49925,0.037131826317527795
0.9,0.3,0.3,0.9,0.21641564,49925,0.04152503665453878
0.3,0.1,0.1,0.3,0.21641564,49925,0.04152503665453878
0.6,0.2,0.2,0.6,0.21641564,49925,0.04152503665453878
0.9,0.3,0.7,0.3,0.21641698,49925,0.043247270004144696
0.9,0.2,0.2,0.6,0.21642391,49925,0.04022534399454547
0.5,0.4,0.5,0.8,0.21643178,49925,0.04454807574433144
0.8,0.3,0.8,0.3,0.21644135,49925,0.04337772402845512
0.1,0.5,0.9,0.7,0.21648371,49925,0.04610178521364527
0.2,0.5,0.8,0.8,0.21648702,49925,0.04577844137717658
0.8,0.2,0.1,0.8,0.21650276,49925,0.03858506401509255
0.3,0.3,0.7,0.4,0.21651487,49925,0.04484347542960775
0.5,0.3,0.4,0.6,0.21652025,49925,0.04414169153028935
0.6,0.3,0.3,0.8,0.21652831,49925,0.042725729944100004
0.9,0.3,0.4,0.6,0.21654603,49925,0.04276766740718411
0.5,0.2,0.6,0.1,0.21654853,49925,0.04368231944906707
0.8,0.2,0.3,0.2,0.21655697,49925,0.04228518167017988
0.5,0.1,0.1,0.3,0.21658282,49925,0.03980892624697039
0.6,0.4,0.5,0.8,0.21661362,49925,0.044280780515694715
0.3,0.2,0.1,0.7,0.21661496,49925,0.04064682716893661
0.7,0.4,0.9,0.6,0.21662053,49925,0.044085862042575856
0.8,0.3,0.7,0.4,0.21663827,49925,0.04337817350878235
0.6,0.2,0.5,0.1,0.2166414,49925,0.04342703698650153
0.2,0.3,0.2,0.8,0.21665813,49925,0.043303717901415496
0.5,0.3,0.6,0.5,0.21665816,49925,0.0441776375271697
0.1,0.5,0.6,0.9,0.21665867,49925,0.046065455817335454
0.7,0.3,0.6,0.5,0.21666417,49925,0.04363133792287959
0.6,0.2,0.5,0.2,0.21666744,49925,0.04318834722178145
0.5,0.3,0.9,0.3,0.21667676,49925,0.044068421538250586
0.8,0.3,0.3,0.9,0.21668905,49925,0.04180528810883544
0.4,0.4,0.7,0.7,0.21669562,49925,0.04482948430874533
0.4,0.5,0.8,0.9,0.21673457,49925,0.04505977666091566
0.7,0.4,0.7,0.7,0.21673462,49925,0.044170934072977924
0.8,0.3,0.6,0.5,0.21674725,49925,0.0433803604723369
0.3,0.5,0.7,0.9,0.21674918,49925,0.045452855691681136
0.4,0.3,0.4,0.6,0.21675166,49925,0.04447010803557687
0.7,0.2,0.1,0.8,0.21675533,49925,0.03889185233820688
0.3,0.4,0.8,0.6,0.21677017,49925,0.04516616712452872
0.1,0.2,0.2,0.4,0.21678355,49925,0.04538532043351531
0.2,0.4,0.4,0.8,0.21678355,49925,0.04538532043351531
0.3,0.2,0.6,0.2,0.21678501,49925,0.04421868199536799
0.8,0.2,0.3,0.1,0.21682453,49925,0.042442331244382646
0.9,0.4,0.5,0.9,0.2168361,49925,0.04325655142821427
0.6,0.4,0.9,0.6,0.21683763,49925,0.044303270864377235
0.6,0.3,0.9,0.3,0.216849,49925,0.043791053177261265
0.4,0.2,0.6,0.2,0.216849,49925,0.04379105317726126
0.2,0.1,0.3,0.1,0.216849,49925,0.04379105317726126
0.6,0.3,0.8,0.4,0.21685234,49925,0.04377009242404559
0.4,0.4,0.4,0.9,0.21686718,49925,0.04431102970713186
0.4,0.3,0.6,0.5,0.21687323,49925,0.04447297386378769
0.6,0.3,0.6,0.5,0.2168819,49925,0.04390953039498819
0.7,0.2,0.3,0.3,0.21688345,49925,0.04266242042009489
0.7,0.5,0.9,0.9,0.21689627,49925,0.04438648772507949
0.1,0.3,0.8,0.2,0.2169024,49925,0.04595473107108607
0.3,0.2,0.2,0.5,0.21690598,49925,0.04341461065581968
0.6,0.2,0.4,0.3,0.21690778,49925,0.043204857755418886
0.8,0.3,0.4,0.6,0.21693006,49925,0.043102804809871394
0.9,0.3,0.5,0.5,0.21693134,49925,0.04317565933577279
0.5,0.2,0.2,0.6,0.21693411,49925,0.04195704852652973
0.3,0.5,0.9,0.8,0.21694683,49925,0.045345698659344076
0.7,0.2,0.4,0.2,0.2169984,49925,0.042980800889576606
0.9,0.3,0.8,0.2,0.21700452,49925,0.043272011274346114
0.6,0.2,0.1,0.8,0.2170093,49925,0.0392247324320409
0.8,0.3,0.9,0.1,0.21701668,49925,0.04365892410410989
0.8,0.5,0.9,0.9,0.21701737,49925,0.04422792683229323
0.8,0.4,0.6,0.8,0.21702813,49925,0.04383554052174261
0.4,0.2,0.3,0.4,0.21702813,49925,0.04383554052174261
0.8,0.4,0.5,0.9,0.21704166,49925,0.04350274468539844
0.9,0.4,0.6,0.8,0.21705346,49925,0.043613041084245525
0.2,0.4,0.6,0.7,0.2170586,49925,0.045540286452988604
0.9,0.2,0.1,0.8,0.21706094,49925,0.03825659660912357
0.9,0.5,0.9,0.9,0.217075,49925,0.04407508366900445
0.5,0.4,0.9,0.6,0.21707644,49925,0.044536070774007
0.7,0.3,0.8,0.4,0.21707729,49925,0.04349897606188294
0.8,0.4,0.8,0.7,0.21711536,49925,0.04385887246842477
0.6,0.1,0.1,0.3,0.21711661,49925,0.03902535349623251
0.9,0.4,0.8,0.7,0.21712881,49925,0.04366176925700074
0.6,0.4,0.8,0.7,0.2171445,49925,0.04425365933939901
0.4,0.4,0.5,0.8,0.21716212,49925,0.044801215486632406
0.1,0.4,0.7,0.6,0.21716319,49925,0.045935083140543655
0.3,0.2,0.3,0.4,0.21716505,49925,0.04428353990635752
0.6,0.4,0.6,0.8,0.21716505,49925,0.04428353990635752
0.1,0.2,0.5,0.2,0.21718167,49925,0.04554125824541125
0.4,0.3,0.9,0.3,0.21719493,49925,0.044356894163935026
0.9,0.2,0.3,0.2,0.21719955,49925,0.041756033745042345
0.6,0.5,0.9,0.9,0.21720803,49925,0.04455365784033993
0.7,0.3,0.3,0.9,0.2172194,49925,0.04210810539397208
0.9,0.3,0.8,0.1,0.2172265,49925,0.04349137748955839
0.9,0.3,0.7,0.4,0.21722737,49925,0.04314002671823128
0.8,0.3,0.9,0.2,0.21724458,49925,0.0434469208920526
0.7,0.3,0.9,0.3,0.21727066,49925,0.043543874366152854
0.2,0.5,0.7,0.9,0.21727079,49925,0.04564560671655202
0.8,0.3,0.8,0.4,0.21727681,49925,0.043276216837757106
0.7,0.4,0.8,0.7,0.21728528,49925,0.04405085067540214
0.9,0.3,0.8,0.3,0.21729061,49925,0.04312784148042658
0.2,0.4,0.9,0.5,0.21735105,49925,0.04550023035416561
0.1,0.2,0.1,0.6,0.21735285,49925,0.042172198049843346
0.5,0.2,0.5,0.3,0.21735497,49925,0.043396751378997046
0.5,0.3,0.8,0.4,0.21737334,49925,0.04405305869347744
0.3,0.4,0.7,0.7,0.2173749,49925,0.04504007618247854
0.6,0.2,0.3,0.4,0.21741271,49925,0.04293797081314431
0.9,0.3,0.6,0.5,0.21742691,49925,0.043146775592643925
0.3,0.3,0.4,0.6,0.21743146,49925,0.044781680529993755
0.3,0.3,0.6,0.5,0.21743447,49925,0.044741502532419965
0.5,0.2,0.6,0.2,0.21744826,49925,0.04342389861275884
0.5,0.2,0.3,0.4,0.21744998,49925,0.043384796511434176
0.1,0.5,0.8,0.8,0.2174569,49925,0.046012658385742373
0.1,0.3,0.9,0.1,0.21746984,49925,0.04587719439950448
0.2,0.3,0.8,0.3,0.21748267,49925,0.04521853217755949
0.8,0.3,0.9,0.3,0.21748437,49925,0.04330721003418877
0.7,0.3,0.5,0.6,0.21749069,49925,0.04354373682921392
0.3,0.2,0.7,0.1,0.21751639,49925,0.04430279337493218
0.7,0.4,0.6,0.8,0.21751882,49925,0.04406152968479399
0.9,0.2,0.3,0.1,0.21752113,49925,0.04178759790765656
0.5,0.3,0.3,0.8,0.21752693,49925,0.04304318794259326
0.9,0.3,0.9,0.1,0.21753265,49925,0.043398112822115024
0.7,0.2,0.4,0.1,0.21753737,49925,0.04324876602378358
0.2,0.5,0.9,0.8,0.21755393,49925,0.04554772455553552
0.3,0.4,0.5,0.8,0.21755418,49925,0.04506616766876199
0.3,0.3,0.3,0.7,0.21755847,49925,0.04416545189812594
0.1,0.2,0.6,0.1,0.21756321,49925,0.04555329354825013
0.2,0.4,0.8,0.6,0.21757787,49925,0.04539212554373732
0.1,0.2,0.4,0.3,0.21757787,49925,0.04539212554373732
0.9,0.1,0.1,0.2,0.2175782,49925,0.03637842959087459
0.3,0.3,0.2,0.9,0.21758084,49925,0.04238262332014585
0.5,0.2,0.1,0.8,0.21758562,49925,0.03952646405702436
0.1,0.3,0.3,0.6,0.21759708,49925,0.045570953649206714
0.9,0.4,0.7,0.8,0.21761721,49925,0.04359166683922532
0.8,0.2,0.3,0.3,0.21762827,49925,0.042157006811355965
0.5,0.5,0.9,0.9,0.21762927,49925,0.04472730939417648
0.6,0.3,0.5,0.6,0.21763542,49925,0.04381035278652529
0.1,0.4,0.3,0.9,0.21763808,49925,0.04492633704528741
0.7,0.3,0.7,0.5,0.21764264,49925,0.0435167176001172
0.5,0.4,0.6,0.8,0.21765938,49925,0.04448646241081413
0.4,0.2,0.5,0.3,0.21767661,49925,0.04377213317383161
0.9,0.3,0.4,0.7,0.2176772,49925,0.04258207153710619
0.7,0.4,0.5,0.9,0.2177218,49925,0.043738052738712244
0.5,0.3,0.5,0.6,0.21773261,49925,0.04407875175186318
0.8,0.3,0.7,0.5,0.2177462,49925,0.043293570660019945
0.5,0.4,0.8,0.7,0.21774778,49925,0.04445267242518538
0.3,0.4,0.4,0.9,0.21775314,49925,0.04458800883866132
0.4,0.3,0.8,0.4,0.21778595,49925,0.044331666417250525
0.6,0.3,0.7,0.5,0.2178274,49925,0.04374558670940098
0.6,0.2,0.6,0.1,0.21783528,49925,0.04328933462518472
0.7,0.2,0.4,0.3,0.21785608,49925,0.04285795690488925
0.4,0.4,0.9,0.6,0.21792375,49925,0.044747420359241535
0.7,0.2,0.2,0.7,0.217935,49925,0.040804731916671146
0.8,0.3,0.4,0.7,0.21794255,49925,0.042887579005981856
0.9,0.2,0.3,0.3,0.21795326,49925,0.041664757441595875
0.4,0.4,0.6,0.8,0.21795645,49925,0.044705232963978186
0.2,0.2,0.3,0.4,0.21795645,49925,0.044705232963978186
0.1,0.4,0.6,0.7,0.21796867,49925,0.04578979654950964
0.9,0.3,0.9,0.2,0.21798927,49925,0.04319013313849279
0.3,0.5,0.8,0.9,0.21799141,49925,0.04526074171819564
0.8,0.4,0.7,0.8,0.2180205,49925,0.04378557021411356
0.1,0.5,0.7,0.9,0.21802276,49925,0.04584945138226517
0.6,0.4,0.5,0.9,0.2180422,49925,0.04396430612604909
0.2,0.3,0.9,0.2,0.21805291,49925,0.045238385607702686
0.9,0.4,0.9,0.7,0.21805504,49925,0.043567616586508116
0.1,0.3,0.5,0.5,0.21806528,49925,0.04567589493554548
0.7,0.4,0.9,0.7,0.21809074,49925,0.04393944486250201
0.8,0.4,0.9,0.7,0.21809086,49925,0.043737303562599285
0.9,0.3,0.8,0.4,0.21809088,49925,0.043049867518254945
0.9,0.2,0.2,0.7,0.21809717,49925,0.04008562883635883
0.3,0.2,0.5,0.3,0.21810025,49925,0.04417206577517473
0.2,0.3,0.7,0.4,0.21811071,49925,0.04515308419010616
0.8,0.3,0.5,0.6,0.21811374,49925,0.04328245916422936
0.7,0.4,0.7,0.8,0.21812119,49925,0.043970566057542376
0.6,0.2,0.5,0.3,0.2181336,49925,0.043048225918826705
0.4,0.2,0.7,0.1,0.21814078,49925,0.04391557179977688
0.2,0.4,0.5,0.8,0.21815164,49925,0.045290416484123894
0.8,0.2,0.2,0.7,0.21816553,49925,0.040439339354361496
0.1,0.4,0.4,0.8,0.21819079,49925,0.045664807321012545
0.4,0.3,0.5,0.6,0.21819201,49925,0.044329602080318956
0.7,0.2,0.5,0.1,0.2181972,49925,0.04307542368629823
0.2,0.3,0.4,0.6,0.21822523,49925,0.0450938057606541
0.7,0.2,0.1,0.9,0.21824443,49925,0.03863720174614231
0.7,0.3,0.4,0.7,0.2182447,49925,0.04318347611383523
0.7,0.2,0.3,0.4,0.21825054,49925,0.04247841572581364
0.4,0.5,0.9,0.9,0.21826069,49925,0.044882775675505644
0.7,0.1,0.1,0.3,0.21827751,49925,0.03830376089613571
0.9,0.4,0.6,0.9,0.2182797,49925,0.04341842389245042
0.9,0.3,0.5,0.6,0.21828339,49925,0.04302346078298548
0.6,0.4,0.7,0.8,0.21828967,49925,0.04417072594812697
0.6,0.3,0.4,0.7,0.21829893,49925,0.04348251598275438
0.2,0.2,0.1,0.7,0.2183003,49925,0.04095241984175156
0.5,0.2,0.7,0.1,0.21830878,49925,0.04353147961453807
0.5,0.4,0.7,0.8,0.21833688,49925,0.04433862431727484
0.5,0.3,0.7,0.5,0.21835715,49925,0.04401189555750951
0.9,0.2,0.1,0.9,0.21836786,49925,0.0381094045286506
0.9,0.4,0.8,0.8,0.2183797,49925,0.043529588287230074
0.9,0.3,0.7,0.5,0.21838513,49925,0.043068040817958016
0.7,0.2,0.5,0.2,0.21838701,49925,0.042857629247131226
0.6,0.2,0.2,0.7,0.21840608,49925,0.041164795421624184
0.7,0.3,0.9,0.4,0.218411,49925,0.04339831988739344
0.8,0.2,0.4,0.2,0.21844742,49925,0.042634862458096764
0.4,0.1,0.2,0.1,0.21844742,49925,0.042634862458096764
0.6,0.2,0.6,0.2,0.21845503,49925,0.04304847039995504
0.9,0.3,0.9,0.3,0.21845503,49925,0.04304847039995504
0.3,0.1,0.3,0.1,0.21845503,49925,0.04304847039995504
0.8,0.4,0.6,0.9,0.2184757,49925,0.04361907121922439
0.5,0.4,0.5,0.9,0.21848285,49925,0.04419381889681831
0.7,0.3,0.6,0.6,0.2185033,49925,0.043471958450052944
0.8,0.2,0.1,0.9,0.21852031,49925,0.03836215204797956
0.4,0.2,0.2,0.6,0.21852188,49925,0.0423809590398418
0.2,0.1,0.1,0.3,0.21852188,49925,0.0423809590398418
0.6,0.3,0.3,0.9,0.21852188,49925,0.0423809590398418
0.5,0.2,0.4,0.4,0.21859843,49925,0.043353051226739214
0.3,0.4,0.9,0.6,0.21860115,49925,0.044949116757930674
0.4,0.4,0.8,0.7,0.21860896,49925,0.04463737238253685
0.4,0.2,0.1,0.8,0.2186319,49925,0.03979845173890433
0.2,0.2,0.2,0.5,0.2186616,49925,0.043893516797013386
0.9,0.2,0.3,0.4,0.2186729,49925,0.041582504510019276
0.5,0.3,0.4,0.7,0.21867892,49925,0.04375069514129112
0.2,0.4,0.7,0.7,0.2186826,49925,0.0452778395096782
0.6,0.4,0.9,0.7,0.21868894,49925,0.0441160942206787
0.1,0.3,0.2,0.8,0.21870388,49925,0.0436221946318098
0.2,0.1,0.2,0.2,0.21873856,49925,0.04370070202310222
0.4,0.2,0.4,0.4,0.21873856,49925,0.04370070202310222
0.6,0.3,0.6,0.6,0.21873856,49925,0.043700702023102216
0.8,0.4,0.8,0.8,0.21873856,49925,0.04370070202310222
0.2,0.2,0.6,0.2,0.21874425,49925,0.044646316083889324
0.3,0.3,0.9,0.3,0.21874425,49925,0.04464631608388932
0.1,0.1,0.3,0.1,0.21874425,49925,0.044646316083889324
0.7,0.4,0.6,0.9,0.21876,49925,0.04381132168666947
0.8,0.3,0.9,0.4,0.21876317,49925,0.043178824281967294
0.6,0.3,0.9,0.4,0.21877718,49925,0.043644201890412335
0.8,0.3,0.6,0.6,0.21879031,49925,0.04323526066258051
0.8,0.2,0.3,0.4,0.2188097,49925,0.042020175287474974
0.3,0.3,0.5,0.6,0.2188309,49925,0.044579785154834184
0.2,0.3,0.6,0.5,0.2188419,49925,0.04499974199792697
0.7,0.3,0.8,0.5,0.21885197,49925,0.04339047746201674
0.4,0.3,0.3,0.8,0.21886776,49925,0.043350982465472025
0.9,0.3,0.4,0.8,0.21888115,49925,0.04235799582804343
0.8,0.3,0.8,0.5,0.21888186,49925,0.043180172289539506
0.3,0.4,0.6,0.8,0.21888237,49925,0.044904893416946146
0.2,0.3,0.2,0.9,0.21889699,49925,0.042644960568045974
0.2,0.5,0.8,0.9,0.21892801,49925,0.045443035419581036
0.4,0.4,0.5,0.9,0.21892883,49925,0.044422304856438284
0.7,0.2,0.5,0.3,0.21897464,49925,0.04272344176192227
0.7,0.2,0.6,0.1,0.2189913,49925,0.0429439772350754
0.4,0.3,0.7,0.5,0.21901003,49925,0.044270241405145926
0.5,0.3,0.6,0.6,0.21902233,49925,0.04392041284260922
0.9,0.3,0.8,0.5,0.21902943,49925,0.04297054784144107
0.7,0.4,0.8,0.8,0.21904388,49925,0.04386728170017898
0.6,0.2,0.1,0.9,0.21906066,49925,0.03888476585165853
0.3,0.4,0.8,0.7,0.21911086,49925,0.044828524006361836
0.5,0.4,0.9,0.7,0.21911654,49925,0.044290699368350554
0.3,0.5,0.9,0.9,0.21913067,49925,0.04507114823507811
0.5,0.2,0.6,0.3,0.21914348,49925,0.04323477863586995
0.9,0.4,0.7,0.9,0.21917875,49925,0.04343188173615931
0.6,0.2,0.7,0.1,0.21918325,49925,0.04318521988968604
0.9,0.3,0.9,0.4,0.21919082,49925,0.04296994507021141
0.8,0.2,0.4,0.1,0.2191943,49925,0.0428724756321483
0.3,0.1,0.2,0.2,0.21921508,49925,0.04302012240009301
0.6,0.2,0.4,0.4,0.21921508,49925,0.04302012240009301
0.9,0.3,0.6,0.6,0.21921508,49925,0.04302012240009301
0.4,0.4,0.7,0.8,0.21925099,49925,0.04451912633901988
0.6,0.4,0.6,0.9,0.21925494,49925,0.044006411829221326
0.4,0.2,0.7,0.2,0.21927804,49925,0.04363585713833501
0.3,0.3,0.8,0.4,0.21928324,49925,0.04460708597969344
0.6,0.4,0.8,0.8,0.21928373,49925,0.04403145710018919
0.3,0.2,0.4,0.4,0.21928373,49925,0.04403145710018919
0.8,0.2,0.4,0.3,0.21930248,49925,0.04249959666185821
0.2,0.2,0.7,0.1,0.21930565,49925,0.04465012577952194
0.8,0.3,0.5,0.7,0.21930727,49925,0.043094203535567144
0.1,0.4,0.5,0.8,0.21931548,49925,0.045532941793608325
0.5,0.3,0.9,0.4,0.219325,49925,0.04389561415566506
0.2,0.3,0.3,0.7,0.21937773,49925,0.04451906368064471
0.8,0.2,0.5,0.2,0.21939135,49925,0.042563493056219544
0.8,0.4,0.7,0.9,0.21940935,49925,0.043602804111582884
0.1,0.5,0.9,0.8,0.21943709,49925,0.04572866180358376
0.7,0.3,0.5,0.7,0.2194535,49925,0.043320342860448655
0.7,0.2,0.6,0.2,0.2194595,49925,0.04271777339090628
0.1,0.4,0.9,0.5,0.21947405,49925,0.045756616641998205
0.2,0.4,0.6,0.8,0.21948785,49925,0.04509415447423406
0.1,0.2,0.3,0.4,0.21948785,49925,0.04509415447423406
0.6,0.3,0.5,0.7,0.21948966,49925,0.043530101031668
0.6,0.3,0.8,0.5,0.21950027,49925,0.043634149486829914
0.1,0.3,0.4,0.6,0.21950987,49925,0.04537897972126326
0.4,0.3,0.4,0.7,0.21951026,49925,0.04402900002838335
0.6,0.2,0.6,0.3,0.21952118,49925,0.042924641422964066
0.9,0.4,0.9,0.8,0.2195217,49925,0.043435400009399903
0.8,0.4,0.9,0.8,0.21954434,49925,0.043596688008849326
0.2,0.4,0.4,0.9,0.21955301,49925,0.044840753673532206
0.8,0.2,0.5,0.1,0.21957916,49925,0.04277018401978765
0.5,0.2,0.7,0.2,0.21959533,49925,0.04329002439406131
0.5,0.2,0.2,0.7,0.21959785,49925,0.04151258349162802
0.5,0.2,0.3,0.5,0.21961993,49925,0.043028024490324356
0.9,0.3,0.7,0.6,0.21962169,49925,0.04295584062682523
0.4,0.3,0.6,0.6,0.21964613,49925,0.04413295710889299
0.8,0.3,0.7,0.6,0.21966366,49925,0.04314811598196918
0.7,0.4,0.9,0.8,0.21967676,49925,0.0437621165698785
0.3,0.4,0.5,0.9,0.2196823,49925,0.04462119210558225
0.9,0.3,0.9,0.5,0.21968882,49925,0.04288359735740831
0.7,0.2,0.4,0.4,0.21969274,49925,0.042711811568445945
0.8,0.3,0.4,0.8,0.21969539,49925,0.04262072247604547
0.5,0.4,0.8,0.8,0.21970896,49925,0.044191691374836674
0.6,0.2,0.3,0.5,0.21972333,49925,0.04266464569153034
0.2,0.3,0.5,0.6,0.21974683,49925,0.044830958800003276
0.4,0.2,0.6,0.3,0.21976767,49925,0.0435728793979978
0.9,0.2,0.3,0.5,0.21976857,49925,0.04144944373639029
0.3,0.2,0.1,0.8,0.21977133,49925,0.04002420917819278
0.5,0.4,0.6,0.9,0.21977158,49925,0.044189318667748806
0.7,0.4,0.7,0.9,0.21978858,49925,0.04376525070422463
0.2,0.2,0.5,0.3,0.21980959,49925,0.04456555943901342
0.9,0.4,0.8,0.9,0.21981472,49925,0.043367410115900534
0.9,0.2,0.2,0.8,0.21981786,49925,0.03989932143623181
0.8,0.1,0.1,0.3,0.21982399,49925,0.03763304785201242
0.3,0.4,0.7,0.8,0.21982628,49925,0.04470482793380384
0.7,0.3,0.7,0.6,0.2198269,49925,0.04335134674406841
0.7,0.2,0.7,0.1,0.21983728,49925,0.04286451986701267
0.5,0.3,0.3,0.9,0.21984042,49925,0.04263203579727769
0.1,0.4,0.8,0.6,0.21984316,49925,0.045624322875499314
0.3,0.3,0.7,0.5,0.21985126,49925,0.04450298479653551
0.4,0.4,0.9,0.7,0.21986392,49925,0.04445886395518766
0.7,0.2,0.3,0.5,0.2198842,49925,0.04227432705301839
0.5,0.2,0.1,0.9,0.21990782,49925,0.03911254222733544
0.5,0.1,0.1,0.4,0.21991655,49925,0.039599879732282635
0.1,0.5,0.8,0.9,0.21993081,49925,0.04561199841491294
0.8,0.2,0.3,0.5,0.21993974,49925,0.04184829475653271
0.6,0.3,0.7,0.6,0.21995945,49925,0.043567260075128365
0.3,0.3,0.3,0.8,0.21997294,49925,0.043634163854620454
0.9,0.3,0.5,0.7,0.21998969,49925,0.04284521833282916
0.8,0.3,0.9,0.5,0.22002621,49925,0.04309258571975774
0.4,0.2,0.3,0.5,0.22003323,49925,0.04338621164710889
0.7,0.3,0.4,0.8,0.220053,49925,0.04288765108707187
0.4,0.4,0.6,0.9,0.22005817,49925,0.04435734310021403
0.3,0.3,0.4,0.7,0.22006083,49925,0.04427512595387347
0.6,0.4,0.7,0.9,0.22007518,49925,0.043923303833798145
0.5,0.3,0.5,0.7,0.22007886,49925,0.04376152212840311
0.3,0.2,0.2,0.6,0.22009629,49925,0.04276413655296006
0.5,0.3,0.7,0.6,0.2201042,49925,0.043769391178749804
0.4,0.2,0.8,0.1,0.22012705,49925,0.04371128347542769
0.5,0.3,0.8,0.5,0.22015072,49925,0.0438502050811665
0.6,0.2,0.7,0.2,0.22015294,49925,0.04296300784760756
0.2,0.4,0.9,0.6,0.2201586,49925,0.04514528067982399
0.4,0.1,0.1,0.4,0.2201787,49925,0.040204302064206394
0.8,0.2,0.2,0.8,0.2201787,49925,0.040204302064206394
0.6,0.2,0.5,0.4,0.22021925,49925,0.04292623700528474
0.7,0.3,0.6,0.7,0.22023834,49925,0.043270400585164806
0.8,0.2,0.5,0.3,0.22024217,49925,0.04245538344763025
0.4,0.3,0.9,0.4,0.2202506,49925,0.044150698446995096
0.9,0.2,0.4,0.2,0.22026296,49925,0.04228661704531538
0.7,0.2,0.5,0.4,0.22027612,49925,0.042644214846733086
0.8,0.4,0.8,0.9,0.22031905,49925,0.04351593545884516
0.5,0.2,0.8,0.1,0.22035396,49925,0.04341171515309912
0.2,0.5,0.9,0.9,0.22036088,49925,0.04523065295202202
0.8,0.3,0.6,0.7,0.22038606,49925,0.043082099755995466
0.1,0.4,0.7,0.7,0.22040604,49925,0.045489098953405534
0.8,0.2,0.6,0.1,0.22045405,49925,0.042660061003530265
0.6,0.1,0.1,0.4,0.22046924,49925,0.03899355893458358
0.7,0.2,0.2,0.8,0.2204833,49925,0.04049860018180736
0.9,0.3,0.4,0.9,0.22049522,49925,0.042128878891473126
0.5,0.2,0.5,0.4,0.22052908,49925,0.04320077934650621
0.6,0.3,0.4,0.8,0.22052976,49925,0.04313867229123591
0.8,0.2,0.4,0.4,0.220539,49925,0.04241018144914427
0.4,0.1,0.2,0.2,0.220539,49925,0.04241018144914427
0.4,0.1,0.3,0.1,0.22054002,49925,0.042438246526704054
0.8,0.2,0.6,0.2,0.22054002,49925,0.042438246526704054
0.7,0.3,0.9,0.5,0.22055055,49925,0.04329996980357815
0.6,0.4,0.9,0.8,0.2206043,49925,0.043901089436464834
0.1,0.3,0.8,0.3,0.22061644,49925,0.04557910780014378
0.9,0.3,0.6,0.7,0.22062655,49925,0.04287985264311317
0.9,0.2,0.4,0.1,0.22062953,49925,0.04250075436241376
0.1,0.3,0.7,0.4,0.22064441,49925,0.04546666608849563
0.9,0.2,0.4,0.3,0.22065187,49925,0.04215643637268397
0.5,0.3,0.4,0.8,0.22067146,49925,0.043367032929181364
0.7,0.2,0.6,0.3,0.22067374,49925,0.042637187237145775
0.5,0.4,0.7,0.9,0.2206767,49925,0.04406335046729521
0.2,0.4,0.8,0.7,0.22071798,49925,0.0450185540798128
0.3,0.2,0.7,0.2,0.22072276,49925,0.0439903531254799
0.6,0.3,0.6,0.7,0.2207507,49925,0.04345859230370943
0.7,0.4,0.8,0.9,0.22078918,49925,0.0436590403990397
0.9,0.2,0.5,0.2,0.22080672,49925,0.04229795919375406
0.6,0.2,0.2,0.8,0.22081083,49925,0.04078466660549816
0.3,0.1,0.1,0.4,0.22081083,49925,0.04078466660549816
0.8,0.3,0.4,0.9,0.2208353,49925,0.04235096258848985
0.9,0.3,0.8,0.6,0.2208357,49925,0.04287672937863347
0.9,0.2,0.3,0.6,0.22086719,49925,0.041299171184107794
0.4,0.2,0.1,0.9,0.22087577,49925,0.03928554401016282
0.3,0.2,0.3,0.5,0.22090484,49925,0.04372357583351224
0.3,0.2,0.6,0.3,0.22091895,49925,0.043914942730423144
0.4,0.3,0.3,0.9,0.22093832,49925,0.04288250656312534
0.3,0.3,0.6,0.6,0.22093892,49925,0.04434395349273247
0.4,0.4,0.8,0.8,0.22093892,49925,0.044343953492732464
0.1,0.1,0.2,0.2,0.22093892,49925,0.044343953492732464
0.2,0.2,0.4,0.4,0.22093892,49925,0.044343953492732464
0.9,0.4,0.9,0.9,0.22097418,49925,0.04330701068235969
0.4,0.3,0.5,0.7,0.2210005,49925,0.04397128075107472
0.4,0.2,0.5,0.4,0.2210172,49925,0.04350926815008318
0.1,0.3,0.9,0.2,0.22101757,49925,0.045563334420618135
0.8,0.3,0.8,0.6,0.22101939,49925,0.04306604860656756
0.2,0.4,0.5,0.9,0.2210405,49925,0.04480546896200774
0.4,0.3,0.8,0.5,0.22104946,49925,0.044080781218218006
0.1,0.3,0.6,0.5,0.22107275,49925,0.045281462830805905
0.6,0.2,0.8,0.1,0.22109023,49925,0.043102047883385605
0.1,0.2,0.1,0.7,0.2210906,49925,0.04116601658334126
0.6,0.3,0.9,0.5,0.22110018,49925,0.04348268068465034
0.6,0.4,0.8,0.9,0.22111219,49925,0.04378717761889856
0.9,0.2,0.5,0.1,0.22112158,49925,0.04249768919558836
0.1,0.4,0.6,0.8,0.22113109,49925,0.04527706224739387
0.8,0.2,0.7,0.1,0.22114049,49925,0.04256525961126365
0.1,0.4,0.4,0.9,0.22114617,49925,0.04505863607786511
0.8,0.2,0.3,0.6,0.22115557,49925,0.0416518705045189
0.4,0.2,0.2,0.7,0.22119334,49925,0.041840689433168814
0.7,0.2,0.7,0.2,0.22121657,49925,0.04266822761305614
0.3,0.4,0.6,0.9,0.22124848,49925,0.04450331722251699
0.8,0.4,0.9,0.9,0.22127682,49925,0.04343154011382481
0.7,0.3,0.8,0.6,0.22128993,49925,0.04325128700315692
0.7,0.2,0.8,0.1,0.22131363,49925,0.04281146825513357
0.8,0.3,0.5,0.8,0.22131367,49925,0.04287450513549138
0.1,0.3,0.3,0.7,0.2213597,49925,0.044797474712520706
0.6,0.2,0.4,0.5,0.22144094,49925,0.04281485415222559
0.9,0.2,0.4,0.4,0.2214426,49925,0.04210068859386249
0.6,0.2,0.7,0.3,0.2214605,49925,0.04282469316171547
0.2,0.3,0.4,0.7,0.22146764,49925,0.04450228917976365
0.7,0.3,0.5,0.8,0.22148019,49925,0.0430541404989908
0.9,0.1,0.1,0.3,0.22148132,49925,0.037017251281811964
0.3,0.4,0.9,0.7,0.22151445,49925,0.04462282335941402
0.9,0.3,0.5,0.8,0.22152108,49925,0.04267050856522366
0.8,0.3,0.7,0.7,0.22152376,49925,0.04300804462050278
0.5,0.2,0.8,0.2,0.22153664,49925,0.04317703877508402
0.9,0.3,0.7,0.7,0.22154334,49925,0.04283320801710837
0.5,0.2,0.4,0.5,0.2215607,49925,0.04307441999932188
0.5,0.4,0.9,0.8,0.22156273,49925,0.04402960201196518
0.6,0.3,0.5,0.8,0.22158341,49925,0.043248937199565345
0.2,0.2,0.1,0.8,0.22158861,49925,0.040181682413018005
0.5,0.3,0.9,0.5,0.22159494,49925,0.04368915498602667
0.3,0.2,0.8,0.1,0.22161521,49925,0.04397799472876113
0.4,0.3,0.4,0.8,0.22161545,49925,0.043596590558578605
0.7,0.3,0.4,0.9,0.22161683,49925,0.04257642899589341
0.4,0.3,0.7,0.6,0.22162512,49925,0.04393369730558595
0.6,0.3,0.8,0.6,0.22162886,49925,0.043450324699474976
0.8,0.2,0.6,0.3,0.22163084,49925,0.042352555371654575
0.5,0.3,0.6,0.7,0.2216337,49925,0.04362400832853351
0.1,0.3,0.2,0.9,0.22166392,49925,0.042858499820135156
0.5,0.1,0.2,0.1,0.22167522,49925,0.041949539032808875
0.2,0.4,0.7,0.8,0.2216846,49925,0.04486525811438419
0.4,0.4,0.7,0.9,0.22168599,49925,0.04420243023901612
0.5,0.2,0.2,0.8,0.22169541,49925,0.04106053132311323
0.7,0.1,0.1,0.4,0.22170566,49925,0.038395743153438966
0.2,0.3,0.8,0.4,0.22170758,49925,0.04489207549081242
0.9,0.2,0.6,0.2,0.22172183,49925,0.042216020986400725
0.2,0.3,0.9,0.3,0.22174522,49925,0.044947477391758146
0.6,0.2,0.8,0.2,0.22175634,49925,0.04288894866431139
0.3,0.1,0.4,0.1,0.22175634,49925,0.04288894866431139
0.7,0.4,0.9,0.9,0.22178811,49925,0.0435386173824979
0.1,0.2,0.2,0.5,0.22180057,49925,0.044318201167180736
0.3,0.2,0.5,0.4,0.22181663,49925,0.04378107328319665
0.4,0.2,0.4,0.5,0.22182703,49925,0.043329368931227
0.7,0.2,0.4,0.5,0.22183046,49925,0.04253507356764128
0.3,0.3,0.5,0.7,0.22183402,49925,0.04414734596909832
0.7,0.2,0.3,0.6,0.22183576,49925,0.04198615726188675
0.9,0.2,0.6,0.1,0.22186995,49925,0.04240505302942446
0.5,0.4,0.8,0.9,0.22187679,49925,0.04392017858382353
0.2,0.3,0.7,0.5,0.22187762,49925,0.04472504474380902
0.3,0.4,0.8,0.8,0.22188902,49925,0.044499936206553084
0.9,0.2,0.5,0.3,0.22192231,49925,0.04221246127897618
0.7,0.3,0.7,0.7,0.22192378,49925,0.0431753249842467
0.1,0.5,0.9,0.9,0.22194426,49925,0.04536159633959972
0.2,0.2,0.3,0.5,0.22194645,49925,0.043976513030579846
0.6,0.2,0.3,0.6,0.2219471,49925,0.04231282858705661
0.8,0.2,0.2,0.9,0.22195987,49925,0.039929319824699314
0.8,0.2,0.7,0.2,0.22199145,49925,0.042362878983748194
0.8,0.2,0.5,0.4,0.22200456,49925,0.04237512559106288
0.1,0.3,0.5,0.6,0.22204506,49925,0.04504382634051394
0.9,0.2,0.2,0.9,0.22210151,49925,0.039688318353960896
0.9,0.3,0.9,0.6,0.22213358,49925,0.04279976111117243
0.6,0.2,0.6,0.4,0.22213358,49925,0.04279976111117244
0.3,0.1,0.3,0.2,0.22213358,49925,0.04279976111117244
0.7,0.2,0.6,0.4,0.2221931,49925,0.04255671933914214
0.5,0.2,0.7,0.3,0.22221181,49925,0.04311107344739897
0.2,0.4,0.6,0.9,0.2222661,49925,0.044638475473057174
0.8,0.3,0.9,0.6,0.22227722,49925,0.042981089156563033
0.5,0.3,0.5,0.8,0.22228292,49925,0.04342589229468372
0.4,0.3,0.6,0.7,0.22228834,49925,0.043787491636321896
0.7,0.2,0.2,0.9,0.2222951,49925,0.04017252661031238
0.6,0.3,0.4,0.9,0.22231247,49925,0.04277885630838804
0.9,0.3,0.6,0.8,0.22232309,49925,0.04273105351183639
0.8,0.2,0.8,0.1,0.22232342,49925,0.04251195539696135
0.6,0.3,0.7,0.7,0.22235157,49925,0.043334507601958915
0.4,0.4,0.9,0.8,0.2223711,49925,0.044172370962704995
0.8,0.3,0.6,0.8,0.22237197,49925,0.04288235996240287
0.2,0.3,0.3,0.8,0.22237736,49925,0.04386808713451505
0.7,0.2,0.7,0.3,0.22244444,49925,0.04254837119662558
0.8,0.2,0.4,0.5,0.22245115,49925,0.04225694600920937
0.7,0.2,0.8,0.2,0.22245844,49925,0.042610976217826606
0.2,0.3,0.6,0.6,0.22246742,49925,0.04455194571899916
0.5,0.3,0.8,0.6,0.2224742,49925,0.043612863018862455
0.3,0.2,0.1,0.9,0.22249717,49925,0.03939374192054736
0.3,0.3,0.9,0.4,0.22250357,49925,0.044404187501584265
0.5,0.1,0.2,0.2,0.22250926,49925,0.04175489631448482
0.1,0.4,0.5,0.9,0.22251177,49925,0.04496392157661408
0.7,0.3,0.6,0.8,0.22253503,49925,0.043035782556017366
0.3,0.4,0.7,0.9,0.22254708,49925,0.04433018883094445
0.8,0.3,0.8,0.7,0.22256958,49925,0.04292446677143604
0.5,0.2,0.3,0.6,0.22259016,49925,0.0426155027510307
0.5,0.2,0.6,0.4,0.22259265,49925,0.04306103245832025
0.6,0.4,0.9,0.9,0.2225939,49925,0.0436725291465421
0.9,0.2,0.7,0.1,0.22261934,49925,0.042327518779333315
0.2,0.2,0.2,0.6,0.22262388,49925,0.0430895110072329
0.3,0.3,0.3,0.9,0.22262388,49925,0.0430895110072329
0.1,0.1,0.1,0.3,0.22262388,49925,0.0430895110072329
0.9,0.3,0.8,0.7,0.22263739,49925,0.042772272216749785
0.5,0.2,0.9,0.1,0.22266133,49925,0.043235933363260724
0.1,0.4,0.8,0.7,0.22266288,49925,0.04521973849711906
0.9,0.2,0.3,0.7,0.22268152,49925,0.041107215638074936
0.3,0.3,0.8,0.5,0.222696,49925,0.044280915904434726
0.1,0.4,0.9,0.6,0.22274925,49925,0.04536121909118849
0.8,0.1,0.1,0.4,0.2227507,49925,0.037864979332324813
0.6,0.2,0.9,0.1,0.22277461,49925,0.04299557221276031
0.9,0.3,0.5,0.9,0.22278473,49925,0.042440316625474185
0.6,0.3,0.6,0.8,0.22279492,49925,0.04318647776523508
0.4,0.2,0.8,0.2,0.22281745,49925,0.04346234247717439
0.2,0.1,0.4,0.1,0.22281745,49925,0.04346234247717439
0.3,0.3,0.4,0.8,0.22285593,49925,0.043793905555130956
0.5,0.3,0.4,0.9,0.22286275,49925,0.04299059053663883
0.3,0.3,0.7,0.6,0.22286916,49925,0.0441198890817537
0.9,0.2,0.5,0.4,0.2228904,49925,0.04213408082423473
0.7,0.3,0.9,0.6,0.22292611,49925,0.04314161605818299
0.4,0.2,0.9,0.1,0.22293518,49925,0.04344932589912429
0.5,0.3,0.7,0.7,0.22294138,49925,0.04347687575860521
0.6,0.2,0.2,0.9,0.22296149,49925,0.04042344766938756
0.4,0.1,0.4,0.1,0.22296439,49925,0.04234189174242712
0.8,0.2,0.8,0.2,0.22296439,49925,0.04234189174242712
0.2,0.1,0.1,0.4,0.2229664,49925,0.04128991158374163
0.4,0.2,0.2,0.8,0.2229664,49925,0.04128991158374163
0.9,0.2,0.7,0.2,0.22300582,49925,0.042117797769340326
0.9,0.2,0.6,0.3,0.22305985,49925,0.04211260817740572
0.4,0.4,0.8,0.9,0.2230656,49925,0.0440356821844664
0.1,0.2,0.5,0.3,0.2230666,49925,0.044945797964458786
0.9,0.3,0.7,0.8,0.22306858,49925,0.04268232036727172
0.2,0.4,0.9,0.7,0.22309823,49925,0.044808124763669674
0.8,0.3,0.5,0.9,0.22312844,49925,0.04260742486822954
0.4,0.2,0.7,0.3,0.22314066,49925,0.0434032271031358
0.3,0.2,0.2,0.7,0.22314265,49925,0.04211955038286871
0.3,0.2,0.4,0.5,0.22316182,49925,0.043536572061745916
0.6,0.2,0.5,0.5,0.22316834,49925,0.04273322177470509
0.4,0.1,0.3,0.2,0.22317135,49925,0.04230350258182393
0.8,0.2,0.6,0.4,0.22317135,49925,0.04230350258182393
0.4,0.2,0.3,0.6,0.22317657,49925,0.04288747682936172
0.8,0.2,0.3,0.7,0.22320552,49925,0.0413981664453371
0.1,0.4,0.7,0.8,0.22321148,49925,0.04502678554789127
0.7,0.2,0.5,0.5,0.22324027,49925,0.04250034795679607
0.8,0.2,0.7,0.3,0.22324607,49925,0.042295094800205206
0.1,0.2,0.6,0.2,0.2232817,49925,0.04509507195215577
0.5,0.2,0.5,0.5,0.22328337,49925,0.042943809774858316
0.7,0.3,0.8,0.7,0.22329187,49925,0.043071792330122025
0.2,0.3,0.5,0.7,0.22329429,49925,0.04429017255538862
0.1,0.3,0.4,0.7,0.22332175,49925,0.044686845778161545
0.1,0.2,0.4,0.4,0.22335006,49925,0.04465352436951734
0.2,0.4,0.8,0.8,0.22335006,49925,0.04465352436951734
0.7,0.2,0.3,0.7,0.22336036,49925,0.04167360495788812
0.9,0.1,0.1,0.4,0.22338288,49925,0.03733713841910374
0.4,0.3,0.5,0.8,0.22338712,49925,0.0435606175595157
0.8,0.3,0.7,0.8,0.22339214,49925,0.0428234627553633
0.5,0.1,0.3,0.1,0.22341585,49925,0.04198260364428706
0.5,0.4,0.9,0.9,0.22341666,49925,0.04378435668069728
0.4,0.3,0.9,0.5,0.22342357,49925,0.043913314463251044
0.5,0.1,0.1,0.5,0.22343509,49925,0.03924284720627688
0.7,0.3,0.5,0.9,0.2234364,49925,0.04278078570041458
0.9,0.2,0.4,0.5,0.22345392,49925,0.041980184868484705
0.6,0.3,0.9,0.6,0.22362861,49925,0.04331530553649877
0.4,0.2,0.6,0.4,0.22362861,49925,0.04331530553649877
0.2,0.1,0.3,0.2,0.22362861,49925,0.04331530553649877
0.6,0.3,0.5,0.9,0.22367153,49925,0.04292774782742466
0.4,0.3,0.8,0.6,0.2236974,49925,0.04377651099151378
0.7,0.2,0.9,0.1,0.22370958,49925,0.042736514654820666
0.6,0.3,0.8,0.7,0.22373265,49925,0.04320721129832448
0.6,0.1,0.1,0.5,0.22374892,49925,0.038802030896774316
0.9,0.2,0.8,0.1,0.22375521,49925,0.04226687264602472
0.8,0.2,0.9,0.1,0.2237668,49925,0.042499245003924616
0.7,0.3,0.7,0.8,0.22379021,49925,0.042952932856163716
0.3,0.3,0.6,0.7,0.22380073,49925,0.04393098488162416
0.7,0.2,0.9,0.2,0.2238117,49925,0.04255185880634463
0.6,0.2,0.3,0.7,0.22387554,49925,0.04192539634389173
0.4,0.1,0.1,0.5,0.22390169,49925,0.0396578877986406
0.7,0.2,0.8,0.3,0.22390865,49925,0.04249346544689087
0.6,0.2,0.9,0.2,0.22394149,49925,0.04279875313187083
0.9,0.3,0.9,0.7,0.2239432,49925,0.04270165894663652
0.9,0.2,0.7,0.3,0.22395527,49925,0.04204750729883079
0.5,0.3,0.6,0.8,0.2239561,49925,0.04330180589268522
0.2,0.4,0.7,0.9,0.2239978,49925,0.0444380862626757
0.5,0.2,0.2,0.9,0.22400488,49925,0.04059882655498319
0.4,0.3,0.7,0.7,0.22401427,49925,0.04362118292659369
0.4,0.3,0.4,0.9,0.22401667,49925,0.04316543084838083
0.9,0.3,0.6,0.9,0.22404976,49925,0.04253394252248283
0.6,0.2,0.4,0.6,0.22404976,49925,0.042533942522482826
0.3,0.1,0.2,0.3,0.22404976,49925,0.042533942522482826
0.2,0.2,0.8,0.1,0.22406547,49925,0.04421492865156844
0.9,0.2,0.8,0.2,0.22406843,49925,0.042082723001261334
0.8,0.2,0.5,0.5,0.22406977,49925,0.042267176148067756
0.1,0.4,0.6,0.9,0.2240824,49925,0.04477552721075594
0.3,0.4,0.9,0.8,0.22409242,49925,0.04432600749895615
0.9,0.2,0.6,0.4,0.22412416,49925,0.042070612014217496
0.1,0.2,0.7,0.1,0.22413415,49925,0.044978997931377565
0.2,0.2,0.7,0.2,0.22416115,49925,0.04433119830342976
0.6,0.1,0.2,0.1,0.22417842,49925,0.04124732292325935
0.8,0.3,0.6,0.9,0.2241824,49925,0.042670205423555
0.7,0.1,0.1,0.5,0.2241975,49925,0.0383605744372928
0.6,0.2,0.8,0.3,0.22420527,49925,0.0427425898494236
0.3,0.3,0.5,0.8,0.22426909,49925,0.043664051542182024
0.7,0.2,0.4,0.6,0.22427694,49925,0.042328535670120515
0.9,0.2,0.3,0.8,0.22428389,49925,0.04088186975219394
0.7,0.3,0.6,0.9,0.22431767,49925,0.04279092487139072
0.5,0.2,0.4,0.6,0.22432679,49925,0.04273415888823206
0.4,0.1,0.2,0.3,0.22434402,49925,0.04207717088152632
0.8,0.2,0.4,0.6,0.22434402,49925,0.04207717088152632
0.8,0.2,0.7,0.4,0.22434855,49925,0.042232665348456565
0.2,0.2,0.1,0.9,0.22436243,49925,0.03941826723594515
0.3,0.2,0.3,0.6,0.22436686,49925,0.04311642343644374
0.4,0.2,0.5,0.5,0.2243873,49925,0.04313786780443752
0.2,0.2,0.5,0.4,0.22442937,49925,0.04402866281304916
0.7,0.2,0.7,0.4,0.22443269,49925,0.04246446211083388
0.3,0.4,0.8,0.9,0.22443567,49925,0.044159477788191494
0.8,0.2,0.3,0.8,0.22446927,49925,0.041106015184717
0.8,0.2,0.9,0.2,0.22447537,49925,0.04230957956940961
0.8,0.2,0.8,0.3,0.2244811,49925,0.04225437387067787
0.2,0.3,0.4,0.8,0.22449136,49925,0.04392476888172481
0.5,0.2,0.9,0.2,0.2245084,49925,0.043033803089918436
0.9,0.3,0.8,0.8,0.2245184,49925,0.04261121196575554
0.1,0.3,0.7,0.5,0.22454306,49925,0.0449731133402797
0.6,0.3,0.7,0.8,0.2245532,49925,0.04306552152609247
0.6,0.2,0.7,0.4,0.22456051,49925,0.042678316956251655
0.3,0.2,0.9,0.1,0.2245754,49925,0.04362623655441777
0.8,0.3,0.9,0.7,0.22458188,49925,0.04284252613536517
0.2,0.3,0.3,0.9,0.22459735,49925,0.0432487787292659
0.5,0.3,0.9,0.6,0.22459763,49925,0.043466573767584234
0.2,0.2,0.6,0.3,0.22459783,49925,0.04425157872979136
0.9,0.2,0.5,0.5,0.22464317,49925,0.042056469215385056
0.1,0.3,0.3,0.8,0.22465235,49925,0.044075223094054636
0.4,0.4,0.9,0.9,0.22467475,49925,0.043897690232883896
0.4,0.3,0.6,0.8,0.22473243,49925,0.04341172813353436
0.9,0.2,0.9,0.1,0.22474232,49925,0.042254343589790494
0.8,0.3,0.8,0.8,0.22475745,49925,0.042735858120948156
0.5,0.3,0.5,0.9,0.22480363,49925,0.04304142761676285
0.1,0.3,0.8,0.4,0.22480929,49925,0.045143295363234186
0.9,0.2,0.4,0.6,0.22483021,49925,0.04179837777894686
0.5,0.2,0.8,0.3,0.22483024,49925,0.042995704351913966
0.7,0.2,0.6,0.5,0.2248311,49925,0.04242905423123762
0.5,0.1,0.3,0.2,0.22484657,49925,0.041862344169754394
0.7,0.3,0.9,0.7,0.22485586,49925,0.04296671474289441
0.6,0.1,0.2,0.2,0.2248657,49925,0.041139949815610165
0.5,0.3,0.8,0.7,0.22487943,49925,0.0433346238809436
0.5,0.2,0.7,0.4,0.22488484,49925,0.042914526032222594
0.3,0.2,0.8,0.2,0.22491574,49925,0.043750750671680286
0.7,0.2,0.3,0.8,0.2249323,49925,0.04134726335392149
0.8,0.1,0.1,0.5,0.22494759,49925,0.0378893434314877
0.4,0.2,0.4,0.6,0.22495715,49925,0.042897723345680136
0.2,0.1,0.2,0.3,0.22495715,49925,0.042897723345680136
0.6,0.3,0.6,0.9,0.22495715,49925,0.042897723345680136
0.6,0.2,0.6,0.5,0.2249652,49925,0.0426320190193746
0.5,0.2,0.3,0.7,0.22504647,49925,0.04217462637941361
0.9,0.2,0.8,0.3,0.22508147,49925,0.042025051357227235
0.5,0.3,0.7,0.8,0.22512756,49925,0.0431836439467895
0.1,0.3,0.6,0.6,0.22513679,49925,0.04473700748341987
0.1,0.2,0.1,0.8,0.2251575,49925,0.040215086143896774
0.5,0.1,0.4,0.1,0.22516559,49925,0.041874935574093254
0.1,0.2,0.3,0.5,0.22517082,49925,0.044200208901216106
0.2,0.3,0.8,0.5,0.22517648,49925,0.04450604867516166
0.7,0.2,0.5,0.6,0.2252359,49925,0.042315329486167334
0.5,0.1,0.2,0.3,0.22524181,49925,0.041534931423182035
0.9,0.3,0.7,0.9,0.22526956,49925,0.04251781439840822
0.9,0.2,0.7,0.4,0.22528033,49925,0.04202779561678636
0.3,0.3,0.4,0.9,0.22529131,49925,0.04326641100893979
0.8,0.2,0.6,0.5,0.22530359,49925,0.04221651734066898
0.3,0.1,0.1,0.5,0.22531095,49925,0.04001098711837957
0.8,0.3,0.7,0.9,0.22532769,49925,0.042620196383957296
0.2,0.2,0.4,0.5,0.22538672,49925,0.04373589630616857
0.7,0.3,0.8,0.8,0.22539237,49925,0.04284022357299027
0.9,0.1,0.1,0.5,0.22540165,49925,0.037456785616514866
0.3,0.2,0.7,0.3,0.22543956,49925,0.04371322730894815
0.8,0.2,0.5,0.6,0.22547594,49925,0.04212671611552206
0.9,0.2,0.3,0.9,0.22550628,49925,0.04063965501409597
0.2,0.3,0.9,0.4,0.22551753,49925,0.04465187630162171
0.4,0.2,0.2,0.9,0.22554988,49925,0.04075631591043615
0.4,0.3,0.5,0.9,0.22556815,49925,0.043145974243132414
0.2,0.3,0.7,0.6,0.22559342,49925,0.04431372689923851
0.1,0.3,0.5,0.7,0.22560082,49925,0.044453689465079355
0.6,0.2,0.3,0.8,0.2256377,49925,0.041558219746145826
0.3,0.2,0.6,0.4,0.22565506,49925,0.043548320488603874
0.9,0.2,0.6,0.5,0.22566068,49925,0.04200807620454558
0.3,0.2,0.5,0.5,0.22566205,49925,0.04332581378625419
0.9,0.3,0.9,0.8,0.22566885,49925,0.042541073951483106
0.7,0.3,0.7,0.9,0.22571854,49925,0.04271101328996312
0.1,0.3,0.9,0.3,0.22573511,49925,0.04522754966445482
0.7,0.2,0.9,0.3,0.22574134,49925,0.042446826524620625
0.5,0.3,0.6,0.9,0.22574532,49925,0.04297659096800961
0.4,0.1,0.5,0.1,0.22574565,49925,0.042292957892365854
0.7,0.1,0.2,0.1,0.22575983,49925,0.040476874392024416
0.6,0.3,0.9,0.7,0.22576311,49925,0.043097675308895717
0.9,0.2,0.9,0.2,0.2257722,49925,0.04209249823231844
0.1,0.2,0.2,0.6,0.22579,49925,0.043319202253010385
0.6,0.1,0.2,0.3,0.22580105,49925,0.04100387257341762
0.1,0.4,0.9,0.7,0.22580743,49925,0.04496867923496478
0.7,0.1,0.2,0.2,0.22581121,49925,0.040488223455693736
0.5,0.2,0.6,0.5,0.22581126,49925,0.042801412810143824
0.6,0.2,0.5,0.6,0.22583881,49925,0.042484182028914984
0.3,0.2,0.2,0.8,0.22584243,49925,0.04147105397626657
0.2,0.2,0.2,0.7,0.22584331,49925,0.04229745075544519
0.3,0.3,0.8,0.6,0.22591707,49925,0.04394132332630399
0.8,0.2,0.3,0.9,0.22592461,49925,0.040838323274296484
0.8,0.2,0.9,0.3,0.22595166,49925,0.04223648953242995
0.1,0.4,0.8,0.8,0.22597668,49925,0.04477733070698297
0.2,0.3,0.6,0.7,0.2259819,49925,0.04407352500313675
0.8,0.2,0.8,0.4,0.22599867,49925,0.04218168935824716
0.4,0.1,0.4,0.2,0.22599867,49925,0.04218168935824716
0.3,0.3,0.9,0.5,0.22607052,49925,0.04410048292949402
0.4,0.2,0.9,0.2,0.22608548,49925,0.043283194929317245
0.4,0.2,0.3,0.7,0.22610874,49925,0.042386532645716506
0.6,0.3,0.8,0.8,0.2261554,49925,0.042953868201138216
0.6,0.1,0.1,0.6,0.22615601,49925,0.03850955165008082
0.3,0.3,0.7,0.7,0.22617233,49925,0.043753174878651616
0.3,0.1,0.5,0.1,0.22622861,49925,0.04268634587571124
0.5,0.2,0.5,0.6,0.22626469,49925,0.04262935233125446
0.9,0.2,0.9,0.3,0.2262676,49925,0.0420018345039313
0.1,0.4,0.7,0.9,0.22629675,49925,0.04455750897747166
0.8,0.1,0.2,0.1,0.22630243,49925,0.03972898014130215
0.9,0.2,0.5,0.6,0.22631662,49925,0.04193698840814746
0.8,0.1,0.2,0.2,0.22631702,49925,0.0398364957803668
0.2,0.2,0.3,0.6,0.2263559,49925,0.04326714580100296
0.6,0.1,0.3,0.1,0.22636326,49925,0.04160586913600701
0.9,0.1,0.2,0.1,0.22638023,49925,0.03897194645254012
0.6,0.3,0.7,0.9,0.22638522,49925,0.04279068594765131
0.8,0.3,0.9,0.8,0.22639048,49925,0.04263959590878345
0.6,0.2,0.4,0.7,0.22639856,49925,0.04220197204678013
0.7,0.1,0.2,0.3,0.22640988,49925,0.04044648245389642
0.9,0.1,0.2,0.2,0.22645086,49925,0.03922751533050637
0.2,0.4,0.9,0.8,0.22648399,49925,0.0444443135851763
0.3,0.2,0.4,0.6,0.22648932,49925,0.043003769477343454
0.2,0.4,0.8,0.9,0.22649656,49925,0.044265446512903275
0.4,0.3,0.8,0.7,0.22651075,49925,0.04346310021809493
0.9,0.2,0.4,0.7,0.2265207,49925,0.041621087845162504
0.9,0.2,0.8,0.4,0.22653048,49925,0.041960446976159166
0.9,0.3,0.8,0.9,0.22654676,49925,0.04245974383594635
0.4,0.2,0.7,0.4,0.2265754,49925,0.04313862288371471
0.7,0.2,0.4,0.7,0.2265838,49925,0.04204245248215577
0.8,0.3,0.8,0.9,0.22658837,49925,0.04253396731324694
0.7,0.2,0.8,0.4,0.22660036,49925,0.042392653289258085
0.3,0.4,0.9,0.9,0.22660871,49925,0.04400140133912656
0.6,0.1,0.3,0.2,0.22663856,49925,0.04149941710342802
0.7,0.1,0.1,0.6,0.22664516,49925,0.03817449855420871
0.7,0.2,0.3,0.9,0.22668517,49925,0.04103312101427826
0.8,0.2,0.4,0.7,0.22669697,49925,0.04184918247223553
0.1,0.3,0.4,0.8,0.22671294,49925,0.04400460640726016
0.5,0.1,0.1,0.6,0.22672415,49925,0.03881075591782688
0.4,0.3,0.9,0.6,0.2267295,49925,0.04361478360211989
0.8,0.2,0.7,0.5,0.22674066,49925,0.04214305855954051
0.6,0.2,0.9,0.3,0.22675091,49925,0.042672678363293214
0.9,0.2,0.7,0.5,0.22678138,49925,0.04195363642196682
0.8,0.1,0.2,0.3,0.22678655,49925,0.039905940602168136
0.2,0.3,0.5,0.8,0.22680444,49925,0.04377422900484244
0.7,0.2,0.7,0.5,0.22682899,49925,0.0423330400315464
0.6,0.1,0.4,0.1,0.22687906,49925,0.04151811042339399
0.7,0.3,0.9,0.8,0.22693124,49925,0.04275437326613676
0.4,0.1,0.1,0.6,0.22693484,49925,0.039052347576930366
0.4,0.2,0.6,0.5,0.2269352,49925,0.0429745466110913
0.7,0.3,0.8,0.9,0.22696492,49925,0.04261852084797006
0.4,0.3,0.7,0.8,0.22696689,49925,0.043273362168267264
0.5,0.1,0.4,0.2,0.22699395,49925,0.04177779768222275
0.3,0.3,0.6,0.8,0.22702545,49925,0.043515747065444886
0.9,0.1,0.2,0.3,0.22703941,49925,0.03938234347033073
0.4,0.2,0.8,0.3,0.22705072,49925,0.04326768435389885
0.5,0.2,0.4,0.7,0.22705933,49925,0.04233919499729073
0.2,0.3,0.4,0.9,0.22711512,49925,0.04334744271794929
0.8,0.2,0.6,0.6,0.22713637,49925,0.04209177926343688
0.4,0.1,0.3,0.3,0.22713637,49925,0.04209177926343688
0.7,0.1,0.2,0.4,0.22713964,49925,0.04032873062946598
0.4,0.2,0.5,0.6,0.22719765,49925,0.04273908833282025
0.3,0.3,0.5,0.9,0.22720267,49925,0.0432063309256055
0.5,0.1,0.5,0.1,0.22721392,49925,0.04188008540353551
0.9,0.2,0.6,0.6,0.22723538,49925,0.04193142073319099
0.6,0.2,0.7,0.5,0.22724597,49925,0.042504174509787364
0.5,0.3,0.9,0.7,0.22726616,49925,0.04321746878020618
0.8,0.1,0.1,0.6,0.22728485,49925,0.03781969856141334
0.6,0.2,0.8,0.4,0.22730578,49925,0.04258843485617765
0.3,0.1,0.4,0.2,0.22730578,49925,0.04258843485617765
0.5,0.3,0.8,0.8,0.22731143,49925,0.043060469271053295
0.5,0.2,0.3,0.8,0.22737174,49925,0.04172945038764121
0.6,0.1,0.2,0.4,0.22737798,49925,0.0407587265812072
0.4,0.3,0.6,0.9,0.22741026,49925,0.04303011910318879
0.8,0.1,0.2,0.4,0.22748452,49925,0.03987614142451806
0.1,0.3,0.3,0.9,0.22750086,49925,0.04337001017750535
0.9,0.1,0.1,0.6,0.22754118,49925,0.03745525756760486
0.6,0.1,0.4,0.2,0.22759186,49925,0.04142642655507579
0.7,0.2,0.6,0.6,0.22760484,49925,0.04223438966075359
0.5,0.3,0.7,0.9,0.2277132,49925,0.042860739375608234
0.9,0.1,0.2,0.4,0.22775552,49925,0.039451647822992805
0.3,0.1,0.3,0.3,0.22776753,49925,0.04236962781441461
0.6,0.2,0.6,0.6,0.22776753,49925,0.04236962781441461
0.9,0.3,0.9,0.9,0.22776753,49925,0.04236962781441461
0.8,0.2,0.5,0.7,0.22776943,49925,0.04194147754777968
0.5,0.1,0.3,0.3,0.2277785,49925,0.04175243674353834
0.7,0.2,0.5,0.7,0.22780076,49925,0.04207566061553628
0.9,0.2,0.9,0.4,0.22784485,49925,0.04194371734394447
0.9,0.2,0.5,0.7,0.22789165,49925,0.04179402542738979
0.6,0.2,0.3,0.9,0.2278988,49925,0.04118593070340246
0.8,0.2,0.9,0.4,0.22795787,49925,0.04212747581688961
0.3,0.2,0.3,0.7,0.22798726,49925,0.04250430310865678
0.9,0.2,0.8,0.5,0.22802238,49925,0.04190933288624613
0.3,0.2,0.2,0.9,0.22807106,49925,0.040833828827542745
0.8,0.2,0.8,0.5,0.22809252,49925,0.042083976241010616
0.6,0.3,0.9,0.8,0.22810689,49925,0.04285888445849275
0.1,0.2,0.1,0.9,0.22811408,49925,0.039326387954080576
0.2,0.1,0.1,0.5,0.2281366,49925,0.040215580459622896
0.9,0.2,0.4,0.8,0.22819176,49925,0.041401955975434744
0.8,0.3,0.9,0.9,0.22820322,49925,0.04245981866817206
0.6,0.3,0.8,0.9,0.22821385,49925,0.04268524672557925
0.4,0.2,0.4,0.7,0.22822937,49925,0.04241727492142078
0.5,0.1,0.2,0.4,0.22824627,49925,0.041192273951633405
0.6,0.1,0.5,0.1,0.22824682,49925,0.04151381407442082
0.7,0.2,0.4,0.8,0.22828549,49925,0.04171303103185944
0.4,0.1,0.2,0.4,0.22832006,49925,0.04157564866809098
0.8,0.2,0.4,0.8,0.22832006,49925,0.04157564866809098
0.5,0.2,0.7,0.5,0.22832817,49925,0.04268158708177367
0.5,0.2,0.9,0.3,0.22834602,49925,0.042891043440491244
0.4,0.1,0.6,0.1,0.22841568,49925,0.04214089624094794
0.5,0.2,0.6,0.6,0.22841938,49925,0.042491843975360544
0.6,0.1,0.3,0.3,0.22845805,49925,0.04143089185425299
0.6,0.2,0.5,0.7,0.22846527,49925,0.04219528052031812
0.1,0.4,0.9,0.8,0.2285174,49925,0.04456494923750779
0.5,0.2,0.8,0.4,0.22852804,49925,0.0427914242449738
0.6,0.1,0.1,0.7,0.22855406,49925,0.03815548329066423
0.7,0.1,0.1,0.7,0.22856188,49925,0.03792225094498411
0.1,0.3,0.7,0.6,0.22861846,49925,0.04446448460385028
0.3,0.3,0.8,0.7,0.22874075,49925,0.04357792922319987
0.9,0.2,0.7,0.6,0.2287432,49925,0.04187934979246085
0.8,0.1,0.2,0.5,0.2287852,49925,0.039758162509772994
0.9,0.1,0.2,0.5,0.2288054,49925,0.039373629215036655
0.1,0.3,0.6,0.7,0.22882245,49925,0.044199234617815907
0.2,0.4,0.9,0.9,0.22884573,49925,0.04407925890713372
0.3,0.1,0.1,0.6,0.22885188,49925,0.039204296543806895
0.2,0.3,0.8,0.6,0.22885992,49925,0.04410211674749261
0.8,0.1,0.1,0.7,0.22886541,49925,0.037662045217274044
0.4,0.2,0.3,0.8,0.22887053,49925,0.041851810833544244
0.1,0.2,0.5,0.4,0.2288794,49925,0.044279798525269844
0.8,0.2,0.7,0.6,0.22888373,49925,0.04202589690159252
0.1,0.4,0.8,0.9,0.22889231,49925,0.044361393692457424
0.7,0.2,0.9,0.4,0.2289259,49925,0.04231166123906985
0.7,0.3,0.9,0.9,0.22892928,49925,0.04253645539150412
0.2,0.3,0.7,0.7,0.22894405,49925,0.04385975617920867
0.6,0.2,0.4,0.8,0.228966,49925,0.04184988650984904
0.3,0.1,0.2,0.4,0.228966,49925,0.04184988650984904
0.2,0.2,0.2,0.8,0.22898112,49925,0.041541727334595706
0.1,0.1,0.1,0.4,0.22898112,49925,0.041541727334595706
0.7,0.1,0.3,0.1,0.22900355,49925,0.04124555878595505
0.5,0.1,0.6,0.1,0.22900745,49925,0.04185242953578923
0.1,0.2,0.4,0.5,0.22901696,49925,0.04387060161032844
0.7,0.1,0.3,0.2,0.22902231,49925,0.041128076960086635
0.9,0.2,0.6,0.7,0.22902665,49925,0.041790381273206306
0.7,0.1,0.2,0.5,0.22904947,49925,0.04011759433878903
0.5,0.1,0.5,0.2,0.2290608,49925,0.041760151281051136
0.8,0.2,0.6,0.7,0.22906263,49925,0.041919899059354816
0.2,0.2,0.5,0.5,0.22907203,49925,0.043470164600657495
0.1,0.3,0.5,0.8,0.22907647,49925,0.043832917127076855
0.7,0.1,0.3,0.3,0.22909623,49925,0.041099960169626824
0.1,0.1,0.3,0.2,0.22910897,49925,0.043776912885196057
0.3,0.3,0.9,0.6,0.22910897,49925,0.043776912885196057
0.2,0.2,0.6,0.4,0.22910897,49925,0.043776912885196057
0.7,0.2,0.8,0.5,0.22912225,49925,0.042252581201138485
0.2,0.3,0.6,0.8,0.2291339,49925,0.04359421341733904
0.5,0.2,0.5,0.7,0.22913678,49925,0.042265032455035774
0.3,0.3,0.7,0.8,0.2291702,49925,0.0433466231247113
0.4,0.3,0.9,0.7,0.22917025,49925,0.04333587380752818
0.2,0.2,0.9,0.1,0.22920161,49925,0.04377141029917774
0.7,0.1,0.4,0.2,0.22933963,49925,0.041137753117826685
0.5,0.2,0.3,0.9,0.22937542,49925,0.0412914990619844
0.5,0.1,0.1,0.7,0.22938381,49925,0.03833660318194439
0.4,0.3,0.8,0.8,0.22939895,49925,0.04314030410616649
0.1,0.2,0.3,0.6,0.22940415,49925,0.04331739087077267
0.4,0.1,0.5,0.2,0.22944225,49925,0.042087032032318394
0.1,0.2,0.2,0.7,0.2294471,49925,0.0423652121357377
0.6,0.1,0.2,0.5,0.22946969,49925,0.04045233037479287
0.2,0.3,0.5,0.9,0.22949758,49925,0.04324422142832533
0.2,0.2,0.7,0.3,0.22950111,49925,0.04397267380201696
0.7,0.2,0.7,0.6,0.22950807,49925,0.042148609750991176
0.6,0.1,0.5,0.2,0.22950897,49925,0.04140460844022038
0.3,0.3,0.6,0.9,0.22951704,49925,0.04307911415391464
0.2,0.2,0.4,0.6,0.22951704,49925,0.04307911415391464
0.1,0.1,0.2,0.3,0.22951704,49925,0.04307911415391464
0.9,0.1,0.1,0.7,0.22952528,49925,0.037359041061379585
0.7,0.1,0.4,0.1,0.2295376,49925,0.041209731755231155
0.7,0.2,0.6,0.7,0.22955799,49925,0.04201869908718119
0.3,0.2,0.6,0.5,0.2295878,49925,0.04313418352705485
0.9,0.2,0.4,0.9,0.229622,49925,0.0411431310020453
0.3,0.2,0.5,0.6,0.22963683,49925,0.04283065461829597
0.2,0.3,0.9,0.5,0.2296583,49925,0.0442803470005199
0.9,0.2,0.9,0.5,0.22966443,49925,0.0418707954870403
0.9,0.2,0.5,0.8,0.22966583,49925,0.0416015265005914
0.1,0.3,0.8,0.5,0.22967331,49925,0.04469640171057936
0.7,0.1,0.5,0.1,0.22974375,49925,0.04117775377963183
0.4,0.3,0.7,0.9,0.22974667,49925,0.04290682714522452
0.6,0.1,0.6,0.1,0.22975798,49925,0.041546283150872054
0.5,0.1,0.4,0.3,0.2297838,49925,0.04167954588398388
0.1,0.2,0.6,0.3,0.22978757,49925,0.0445585553627571
0.5,0.2,0.4,0.8,0.22982737,49925,0.04191127377122325
0.5,0.3,0.9,0.8,0.2298506,49925,0.042939957935044966
0.3,0.2,0.4,0.7,0.22988668,49925,0.0424627365909369
0.5,0.3,0.8,0.9,0.22989611,49925,0.04275182855796351
0.8,0.2,0.5,0.8,0.22989865,49925,0.04171560873461909
0.6,0.1,0.4,0.3,0.22992074,49925,0.041413736472925164
0.3,0.2,0.8,0.3,0.22994074,49925,0.04351158615136689
0.8,0.2,0.4,0.9,0.2299637,49925,0.04127927907616917
0.3,0.2,0.7,0.4,0.23000588,49925,0.043359508083231975
0.9,0.2,0.8,0.6,0.23001286,49925,0.04182595638288067
0.1,0.1,0.4,0.1,0.23004365,49925,0.04396943836534485
0.2,0.2,0.8,0.2,0.23004365,49925,0.04396943836534485
0.1,0.2,0.8,0.1,0.23004842,49925,0.04438374795227017
0.3,0.2,0.9,0.2,0.23006165,49925,0.043487560471598144
0.7,0.2,0.5,0.8,0.2300629,49925,0.04179266219022133
0.6,0.2,0.9,0.4,0.23007886,49925,0.04250619378315383
0.9,0.1,0.2,0.6,0.23008007,49925,0.039231027244149105
0.8,0.1,0.2,0.6,0.23008853,49925,0.03956328453002266
0.6,0.2,0.7,0.6,0.23009154,49925,0.04228320763449586
0.1,0.3,0.4,0.9,0.2301084,49925,0.04338412157245687
0.5,0.1,0.2,0.5,0.23017898,49925,0.04075389497356775
0.6,0.2,0.8,0.5,0.2301861,49925,0.04240854282768235
0.9,0.1,0.1,0.8,0.23018894,49925,0.037216869017181756
0.2,0.1,0.3,0.3,0.23025228,49925,0.04259725325871246
0.4,0.2,0.6,0.6,0.23025228,49925,0.04259725325871246
0.6,0.3,0.9,0.9,0.23025228,49925,0.04259725325871247
0.2,0.1,0.5,0.1,0.2302589,49925,0.04304793850244362
0.6,0.2,0.6,0.7,0.23033457,49925,0.04208999935903021
0.6,0.1,0.3,0.4,0.23036513,49925,0.04128177598936286
0.4,0.2,0.5,0.7,0.23038402,49925,0.042303347162643806
0.1,0.3,0.9,0.4,0.23039714,49925,0.04484725540602636
0.7,0.1,0.1,0.8,0.23040384,49925,0.037603955427211996
0.2,0.2,0.3,0.7,0.23041561,49925,0.04253782863018996
0.7,0.1,0.2,0.6,0.2304182,49925,0.03984780701849388
0.8,0.1,0.3,0.2,0.2304588,49925,0.04080938951678661
0.4,0.1,0.1,0.7,0.23046637,49925,0.03845360828342746
0.7,0.1,0.5,0.2,0.23047855,49925,0.04110973586672596
0.8,0.2,0.9,0.5,0.23048744,49925,0.04203326238834533
0.9,0.2,0.7,0.7,0.23051712,49925,0.041749542956079425
0.4,0.2,0.7,0.5,0.23055157,49925,0.042827911544015565
0.8,0.1,0.1,0.8,0.2305732,49925,0.03742666712497592
0.7,0.2,0.4,0.9,0.23062566,49925,0.0413970019450273
0.1,0.2,0.7,0.2,0.23064958,49925,0.04460207604170648
0.8,0.2,0.8,0.6,0.23066899,49925,0.041954123890808735
0.4,0.1,0.4,0.3,0.23066899,49925,0.041954123890808735
0.7,0.1,0.4,0.3,0.23080459,49925,0.041142952980449024
0.6,0.2,0.5,0.8,0.23082584,49925,0.041840976680864415
0.3,0.2,0.3,0.8,0.23083825,49925,0.04189128629077304
0.4,0.2,0.8,0.4,0.23084798,49925,0.04299736580315346
0.2,0.1,0.4,0.2,0.23084798,49925,0.04299736580315346
0.6,0.1,0.1,0.8,0.23085563,49925,0.03774200843330544
0.5,0.1,0.3,0.4,0.23089772,49925,0.04152676128153281
0.9,0.2,0.6,0.8,0.23095584,49925,0.04162391864157863
0.8,0.2,0.7,0.7,0.23099634,49925,0.04185424655507773
0.8,0.1,0.3,0.3,0.23102663,49925,0.0407736655193569
0.4,0.1,0.3,0.4,0.23104101,49925,0.041696403041018376
0.8,0.2,0.6,0.8,0.23104101,49925,0.041696403041018376
0.2,0.1,0.2,0.4,0.23104358,49925,0.041935924899578175
0.4,0.2,0.4,0.8,0.23104358,49925,0.041935924899578175
0.7,0.1,0.3,0.4,0.23105672,49925,0.041000194998127654
0.8,0.1,0.4,0.2,0.23107165,49925,0.04086308139639471
0.7,0.1,0.6,0.1,0.2311441,49925,0.04124077373900011
0.9,0.1,0.1,0.9,0.23114502,49925,0.037012623919948306
0.8,0.1,0.3,0.1,0.23116015,49925,0.04089357377396088
0.4,0.2,0.9,0.3,0.2311705,49925,0.043108330602777724
0.5,0.2,0.6,0.7,0.23117231,49925,0.042157910193553194
0.6,0.2,0.4,0.9,0.23124649,49925,0.04147692322894262
0.5,0.2,0.7,0.6,0.23129895,49925,0.042376329350032556
0.7,0.2,0.9,0.5,0.23130745,49925,0.04217253934845358
0.4,0.2,0.3,0.9,0.23135513,49925,0.041347356105459
0.8,0.1,0.4,0.1,0.23135555,49925,0.04096214005014522
0.7,0.2,0.8,0.6,0.23136887,49925,0.04206685586442522
0.6,0.1,0.2,0.6,0.23137107,49925,0.04008346485726045
0.8,0.2,0.5,0.9,0.23139454,49925,0.04144490982360302
0.3,0.1,0.6,0.1,0.23144288,49925,0.04241677632487526
0.6,0.1,0.6,0.2,0.23149562,49925,0.04143549539359551
0.7,0.2,0.6,0.8,0.23158753,49925,0.04174596470340061
0.9,0.2,0.5,0.9,0.23160052,49925,0.041365255905205255
0.7,0.2,0.7,0.7,0.23166934,49925,0.04194318005570035
0.5,0.1,0.1,0.8,0.23169766,49925,0.0378367824701459
0.9,0.2,0.9,0.6,0.2317127,49925,0.04177108524568438
0.5,0.1,0.7,0.1,0.23173206,49925,0.04173566255583732
0.4,0.1,0.2,0.5,0.2317714,49925,0.04098872921440196
0.5,0.2,0.8,0.5,0.23177235,49925,0.042553785947999405
0.7,0.1,0.6,0.2,0.23178598,49925,0.04114981192717788
0.9,0.1,0.2,0.7,0.23181385,49925,0.03904662794001331
0.8,0.1,0.1,0.9,0.23182198,49925,0.037152197896004345
0.8,0.1,0.2,0.7,0.23183258,49925,0.03930707623733788
0.8,0.1,0.4,0.3,0.23183393,49925,0.04088994864370421
0.3,0.3,0.8,0.8,0.23187028,49925,0.04320508692259936
0.4,0.3,0.8,0.9,0.23187047,49925,0.04279695333750437
0.2,0.2,0.2,0.9,0.2318998,49925,0.040814557396734445
0.1,0.4,0.9,0.9,0.23191145,49925,0.04415415676809588
0.2,0.3,0.7,0.8,0.23202024,49925,0.043415497827116185
0.7,0.2,0.5,0.9,0.23204446,49925,0.04148693641147904
0.5,0.1,0.6,0.2,0.23205477,49925,0.04171911922888997
0.7,0.1,0.2,0.7,0.2320654,49925,0.03953332758984236
0.9,0.1,0.3,0.3,0.2321125,49925,0.04042694345642664
0.5,0.2,0.5,0.8,0.23211645,49925,0.04187849395475182
0.4,0.3,0.9,0.8,0.23212045,49925,0.043013866664952466
0.5,0.2,0.4,0.9,0.23213232,49925,0.04148179235785372
0.6,0.1,0.5,0.3,0.2321548,49925,0.041379819981881026
0.8,0.1,0.5,0.1,0.232173,49925,0.040932917400385495
0.1,0.3,0.6,0.8,0.232199,49925,0.0436348283130736
0.3,0.3,0.7,0.9,0.23220685,49925,0.04294934882723653
0.8,0.1,0.5,0.2,0.23224017,49925,0.040847882856497895
0.9,0.1,0.3,0.2,0.23224658,49925,0.04045003358751506
0.5,0.2,0.9,0.4,0.23227787,49925,0.04269632158580291
0.2,0.3,0.6,0.9,0.23227999,49925,0.04311446892859954
0.8,0.1,0.3,0.4,0.23229474,49925,0.04071667387903075
0.6,0.1,0.7,0.1,0.23230326,49925,0.041531635791094985
0.9,0.2,0.7,0.8,0.23231257,49925,0.04158667870027388
0.2,0.3,0.8,0.7,0.23231408,49925,0.043678052082240376
0.9,0.2,0.8,0.7,0.23239608,49925,0.041700690871349075
0.3,0.3,0.9,0.7,0.2324141,49925,0.043429834116427604
0.5,0.3,0.9,0.9,0.23247133,49925,0.04265192896793596
0.8,0.1,0.6,0.2,0.23247932,49925,0.04088965196500008
0.4,0.1,0.7,0.1,0.2324962,49925,0.04194877136036616
0.1,0.3,0.5,0.9,0.23250407,49925,0.043247557509643264
0.7,0.1,0.1,0.9,0.23252828,49925,0.037272508493123524
0.5,0.1,0.2,0.6,0.23253454,49925,0.04028824257957025
0.3,0.1,0.1,0.7,0.23257601,49925,0.038425913529006116
0.7,0.1,0.5,0.3,0.23258182,49925,0.04113301084469394
0.8,0.2,0.9,0.6,0.23261833,49925,0.041898553280585456
0.8,0.2,0.6,0.9,0.23267153,49925,0.04144501470307907
0.6,0.2,0.9,0.5,0.23267716,49925,0.042325594798227444
0.8,0.2,0.8,0.7,0.2326965,49925,0.04178374370592236
0.6,0.1,0.4,0.4,0.23272112,49925,0.04128446584047486
0.9,0.2,0.6,0.9,0.23276159,49925,0.04140348108948562
0.8,0.2,0.7,0.8,0.23277695,49925,0.04163381569508102
0.2,0.1,0.1,0.6,0.23279394,49925,0.039159873989078775
0.6,0.2,0.7,0.7,0.23282042,49925,0.04201566528291052
0.7,0.1,0.4,0.4,0.23282169,49925,0.041078962594362105
0.4,0.1,0.1,0.8,0.23287243,49925,0.037812539491544866
0.1,0.3,0.7,0.7,0.23288885,49925,0.04394887293149265
0.7,0.1,0.7,0.1,0.23289637,49925,0.04127838783881861
0.6,0.1,0.1,0.9,0.23291142,49925,0.03733902166057414
0.8,0.1,0.6,0.1,0.23292494,49925,0.04097270973940998
0.3,0.1,0.3,0.4,0.23296,49925,0.04178208814249639
0.6,0.2,0.6,0.8,0.23296,49925,0.04178208814249639
0.3,0.1,0.5,0.2,0.23296732,49925,0.04244039165357233
0.6,0.1,0.2,0.7,0.23296778,49925,0.039711420657441675
0.3,0.1,0.2,0.5,0.23299366,49925,0.04109825099441254
0.6,0.2,0.8,0.6,0.23302141,49925,0.042177618817163545
0.3,0.1,0.4,0.3,0.23302141,49925,0.042177618817163545
0.5,0.1,0.5,0.3,0.2330293,49925,0.04161824873458742
0.2,0.2,0.4,0.7,0.23305726,49925,0.0424249516082145
0.9,0.1,0.2,0.8,0.23311844,49925,0.03882028422751684
0.7,0.1,0.3,0.5,0.23315133,49925,0.040803391875225456
0.9,0.1,0.3,0.4,0.23318397,49925,0.040409650332288945
0.9,0.1,0.4,0.2,0.23319311,49925,0.04061988906656574
0.6,0.2,0.5,0.9,0.23320912,49925,0.041502879995949836
0.4,0.2,0.5,0.8,0.23320921,49925,0.0418700655933433
0.1,0.3,0.8,0.6,0.23322509,49925,0.044210851293286176
0.9,0.1,0.3,0.1,0.2332286,49925,0.040519182820593566
0.6,0.1,0.3,0.5,0.23325552,49925,0.04101457974726534
0.3,0.2,0.4,0.8,0.2332733,49925,0.04190329985620379
0.2,0.2,0.5,0.6,0.23333655,49925,0.04289141394516091
0.8,0.1,0.2,0.8,0.23336238,49925,0.03900983108823638
0.1,0.2,0.2,0.8,0.23337989,49925,0.041470065537089575
0.3,0.2,0.5,0.7,0.23338723,49925,0.04233576977308442
0.5,0.1,0.4,0.4,0.23340401,49925,0.041469802953017415
0.9,0.2,0.9,0.7,0.23341298,49925,0.04163163890098926
0.9,0.1,0.4,0.3,0.23342068,49925,0.040666130149155356
0.8,0.1,0.5,0.3,0.233462,49925,0.040895264006653734
0.3,0.2,0.6,0.6,0.23348464,49925,0.04267765335073561
0.7,0.2,0.7,0.8,0.23351362,49925,0.041697589454816206
0.5,0.1,0.1,0.9,0.2335481,49925,0.03731991197645476
0.8,0.1,0.7,0.1,0.23355892,49925,0.0410318693850264
0.1,0.2,0.4,0.6,0.23357467,49925,0.04309902235894836
0.2,0.3,0.9,0.6,0.23360164,49925,0.04389723135863704
0.1,0.2,0.3,0.7,0.23362055,49925,0.04249575155313535
0.9,0.1,0.5,0.2,0.2336343,49925,0.04065146480644646
0.8,0.1,0.7,0.2,0.23363936,49925,0.04093709197976956
0.2,0.2,0.6,0.5,0.23364459,49925,0.04324799095019144
0.4,0.2,0.6,0.7,0.23366666,49925,0.04219961196018144
0.4,0.1,0.6,0.2,0.23369919,49925,0.04200479920298296
0.7,0.1,0.2,0.8,0.23370534,49925,0.03918375971349566
0.9,0.2,0.8,0.8,0.23372626,49925,0.04153884350501625
0.2,0.2,0.3,0.8,0.23373252,49925,0.04185911606336244
0.7,0.2,0.6,0.9,0.23377965,49925,0.04145436240442511
0.5,0.1,0.3,0.5,0.2338473,49925,0.041141264739914044
0.8,0.1,0.4,0.4,0.23388752,49925,0.040879041928765875
0.9,0.1,0.4,0.1,0.23390222,49925,0.04071858557384957
0.9,0.2,0.7,0.9,0.23390794,49925,0.041371854664192236
0.7,0.2,0.8,0.7,0.23390855,49925,0.041877062706092275
0.7,0.1,0.7,0.2,0.2339168,49925,0.041180591281875484
0.6,0.1,0.7,0.2,0.2339177,49925,0.04142915688704323
0.3,0.2,0.3,0.9,0.2339615,49925,0.041315133873726456
0.8,0.1,0.3,0.5,0.233973,49925,0.04057044201573524
0.4,0.2,0.7,0.6,0.23404022,49925,0.04247809547036469
0.7,0.2,0.9,0.6,0.23404245,49925,0.04199253191717161
0.9,0.1,0.5,0.1,0.23409897,49925,0.04072348484803568
0.4,0.2,0.4,0.9,0.23410173,49925,0.04146699929604969
0.9,0.1,0.5,0.3,0.23411885,49925,0.040689771815863265
0.9,0.1,0.6,0.2,0.234154,49925,0.04064758883308709
0.6,0.1,0.8,0.1,0.23416382,49925,0.04143949211786631
0.8,0.1,0.6,0.3,0.23417029,49925,0.040885011066158154
0.1,0.3,0.9,0.5,0.23417771,49925,0.04444480113166681
0.5,0.1,0.8,0.1,0.23418573,49925,0.04160832922696798
0.1,0.2,0.5,0.5,0.23423028,49925,0.0435767344436282
0.5,0.2,0.5,0.9,0.23424028,49925,0.04148616835592543
0.5,0.2,0.7,0.7,0.23426881,49925,0.042062890603403166
0.3,0.2,0.7,0.5,0.23436257,49925,0.04296797297970379
0.4,0.3,0.9,0.9,0.23436679,49925,0.042699343324388454
0.4,0.1,0.2,0.6,0.23441128,49925,0.04040113837697363
0.5,0.2,0.6,0.8,0.23444505,49925,0.041794179856222864
0.9,0.1,0.4,0.4,0.23444648,49925,0.04066417374776753
0.9,0.1,0.6,0.1,0.23444882,49925,0.04072860338947397
0.3,0.3,0.8,0.9,0.23446132,49925,0.042834201040333614
0.8,0.2,0.7,0.9,0.23450182,49925,0.04140408383507103
0.7,0.1,0.8,0.1,0.23454025,49925,0.04127690332282136
0.4,0.1,0.5,0.3,0.23454835,49925,0.04183722378566949
0.8,0.2,0.8,0.8,0.2345544,49925,0.04159538077326529
0.4,0.1,0.4,0.4,0.2345544,49925,0.04159538077326529
0.9,0.1,0.3,0.5,0.23459145,49925,0.04029967401980835
0.7,0.1,0.6,0.3,0.23461139,49925,0.04111421596371287
0.4,0.1,0.3,0.5,0.23472175,49925,0.041175098486985084
0.9,0.1,0.7,0.2,0.23475835,49925,0.04071331757607206
0.9,0.1,0.2,0.9,0.23479325,49925,0.038566927443363194
0.9,0.1,0.7,0.1,0.2348041,49925,0.04078202649661916
0.8,0.1,0.8,0.1,0.23482062,49925,0.04107792552314424
0.5,0.1,0.2,0.7,0.23487136,49925,0.03979685094975515
0.4,0.2,0.8,0.5,0.23489736,49925,0.04270782166377068
0.8,0.2,0.9,0.7,0.23492682,49925,0.04171690083953868
0.1,0.1,0.1,0.5,0.23493952,49925,0.04010234240173446
0.2,0.3,0.7,0.9,0.23494324,49925,0.04295801524743572
0.8,0.1,0.2,0.9,0.23495328,49925,0.03870710509016888
0.5,0.1,0.7,0.2,0.23499407,49925,0.041669644410415235
0.9,0.1,0.8,0.2,0.23501143,49925,0.04076811423484408
0.5,0.2,0.8,0.6,0.23501816,49925,0.042288320449845734
0.6,0.1,0.2,0.8,0.23502314,49925,0.03929008571629194
0.9,0.1,0.6,0.3,0.23505323,49925,0.040686877488330817
0.9,0.2,0.8,0.9,0.23508139,49925,0.04134773956129992
0.7,0.1,0.4,0.5,0.23516005,49925,0.04094347517185956
0.5,0.2,0.9,0.5,0.23517938,49925,0.04247033541606683
0.7,0.1,0.5,0.4,0.23518223,49925,0.04107035540503572
0.3,0.3,0.9,0.8,0.23518583,49925,0.04307916961191541
0.6,0.2,0.6,0.9,0.23520333,49925,0.041452233152456656
0.6,0.2,0.7,0.8,0.23521006,49925,0.041724924809327456
0.3,0.2,0.8,0.4,0.23523022,49925,0.04318590704908377
0.9,0.2,0.9,0.8,0.23523559,49925,0.04148867165257921
0.8,0.1,0.5,0.4,0.23523568,49925,0.04089335155086744
0.1,0.2,0.6,0.4,0.23525536,49925,0.04395637797083619
0.6,0.1,0.6,0.3,0.23525783,49925,0.041343372696631416
0.6,0.1,0.5,0.4,0.23531324,49925,0.04124018979464971
0.2,0.2,0.7,0.4,0.23531948,49925,0.043536512370779705
0.7,0.1,0.3,0.6,0.23532273,49925,0.040522213498864604
0.9,0.1,0.5,0.4,0.23535393,49925,0.040707367310048856
0.9,0.1,0.8,0.1,0.23537354,49925,0.04087894758790395
0.1,0.3,0.6,0.9,0.2353931,49925,0.04308197625573544
0.7,0.1,0.9,0.1,0.23539352,49925,0.04120577062371847
0.8,0.1,0.3,0.6,0.23540565,49925,0.04036197921360558
0.9,0.1,0.3,0.6,0.23542896,49925,0.040143232780832205
0.6,0.2,0.8,0.7,0.2354292,49925,0.04193565708303002
0.4,0.1,0.1,0.9,0.23547013,49925,0.037202284985874585
0.8,0.1,0.4,0.5,0.23547772,49925,0.04078477879500611
0.3,0.2,0.9,0.3,0.23551953,49925,0.04328909049165218
0.7,0.1,0.8,0.2,0.23552112,49925,0.04119653452750753
0.4,0.2,0.9,0.4,0.23554528,49925,0.04286592832346293
0.6,0.1,0.9,0.1,0.2355733,49925,0.0413205948698417
0.6,0.1,0.4,0.5,0.23557979,49925,0.0410678490119069
0.6,0.1,0.3,0.6,0.23559082,49925,0.040655306618991346
0.7,0.2,0.7,0.9,0.2356354,49925,0.0414082117202532
0.2,0.2,0.9,0.2,0.23564464,49925,0.04363129799540225
0.8,0.1,0.8,0.2,0.2356448,49925,0.04099480346222591
0.2,0.3,0.8,0.8,0.23564738,49925,0.0432586205555607
0.7,0.1,0.2,0.9,0.23567714,49925,0.03879423766992713
0.3,0.1,0.1,0.8,0.23581658,49925,0.037646890553592556
0.9,0.1,0.7,0.3,0.23583964,49925,0.04072365642041834
0.6,0.2,0.9,0.6,0.23585278,49925,0.04211210852805305
0.8,0.1,0.7,0.3,0.23586857,49925,0.04093387286700641
0.2,0.2,0.8,0.3,0.23587644,49925,0.04369619074994639
0.2,0.3,0.9,0.7,0.23592302,49925,0.043506728508626774
0.9,0.1,0.4,0.5,0.23598634,49925,0.04061360545598272
0.6,0.1,0.8,0.2,0.23604478,49925,0.04138878277339318
0.1,0.3,0.7,0.8,0.2360895,49925,0.043428136074501945
0.5,0.1,0.4,0.5,0.23613064,49925,0.04111744307657321
0.7,0.2,0.8,0.8,0.23616435,49925,0.041643619287124775
0.7,0.2,0.9,0.7,0.23616512,49925,0.04179090256498454
0.4,0.2,0.5,0.9,0.23619685,49925,0.041421412113803006
0.5,0.1,0.6,0.3,0.23637673,49925,0.041566677193497485
0.5,0.1,0.5,0.4,0.2364262,49925,0.04136991605542827
0.8,0.1,0.9,0.1,0.23644927,49925,0.041070936034940025
0.5,0.1,0.3,0.6,0.23648752,49925,0.04069949240565341
0.2,0.1,0.1,0.7,0.23649254,49925,0.03815026498477725
0.7,0.1,0.7,0.3,0.23656762,49925,0.041127325808568524
0.4,0.2,0.6,0.8,0.2366256,49925,0.041791196501144864
0.2,0.1,0.3,0.4,0.2366256,49925,0.041791196501144864
0.8,0.2,0.8,0.9,0.23665877,49925,0.041374084316270925
0.8,0.2,0.9,0.8,0.23666744,49925,0.041544479441648366
0.1,0.3,0.8,0.7,0.23666805,49925,0.04375434744060577
0.8,0.1,0.6,0.4,0.23670794,49925,0.04088081131843276
0.8,0.1,0.5,0.5,0.23674023,49925,0.04080148227576529
0.3,0.2,0.5,0.8,0.23676127,49925,0.041836135404702594
0.5,0.2,0.6,0.9,0.23677102,49925,0.04143893254321012
0.3,0.2,0.6,0.7,0.23677315,49925,0.0422178433640484
0.9,0.1,0.3,0.7,0.23678283,49925,0.03993172465117361
0.9,0.1,0.6,0.4,0.2368075,49925,0.040711930365539564
0.9,0.1,0.9,0.1,0.23682106,49925,0.04091175854476327
0.8,0.1,0.3,0.7,0.23684536,49925,0.04008879089955784
0.1,0.1,0.2,0.4,0.23684947,49925,0.04182388874193102
0.2,0.2,0.4,0.8,0.23684947,49925,0.04182388874193102
0.3,0.2,0.4,0.9,0.23685262,49925,0.041387596623566045
0.1,0.2,0.9,0.1,0.23689629,49925,0.04381617614466957
0.6,0.1,0.2,0.9,0.23689964,49925,0.03883214280388107
0.9,0.1,0.9,0.2,0.23691502,49925,0.04083333914742606
0.8,0.1,0.9,0.2,0.2369284,49925,0.04100366829774998
0.1,0.2,0.2,0.9,0.23693272,49925,0.04062035219798336
0.9,0.1,0.5,0.5,0.23702604,49925,0.04067217269004707
0.2,0.1,0.2,0.5,0.23703074,49925,0.041010277856779825
0.7,0.1,0.4,0.6,0.23705888,49925,0.040694813631295845
0.7,0.1,0.3,0.7,0.23710398,49925,0.04019931549467573
0.1,0.2,0.7,0.3,0.23712608,49925,0.044191839545906525
0.3,0.1,0.3,0.5,0.23717192,49925,0.04113269947276522
0.2,0.2,0.3,0.9,0.2371872,49925,0.041180701746684034
0.5,0.1,0.2,0.8,0.23723197,49925,0.039295831160397525
0.2,0.2,0.5,0.7,0.23723632,49925,0.042307540449254215
0.7,0.1,0.9,0.2,0.2372657,49925,0.04117055741851057
0.9,0.2,0.9,0.9,0.23728904,49925,0.041319394156089734
0.5,0.2,0.7,0.8,0.23729041,49925,0.04172421897669152
0.7,0.1,0.6,0.4,0.23731232,49925,0.04104385693376961
0.8,0.1,0.4,0.6,0.23739475,49925,0.040613636586685056
0.6,0.2,0.7,0.9,0.23742041,49925,0.041402002610364044
0.4,0.2,0.7,0.7,0.23742685,49925,0.042086951270947776
0.1,0.3,0.9,0.6,0.23742953,49925,0.04399906008024854
0.9,0.1,0.4,0.6,0.23747501,49925,0.040495065912006155
0.3,0.1,0.2,0.6,0.23760729,49925,0.040363579708457116
0.9,0.1,0.8,0.3,0.23761371,49925,0.04077037145089284
0.1,0.2,0.8,0.2,0.23762535,49925,0.04414950624589788
0.3,0.1,0.4,0.4,0.23765096,49925,0.04166149594108
0.6,0.2,0.8,0.8,0.23765096,49925,0.04166149594108
0.6,0.1,0.4,0.6,0.23765382,49925,0.040730074811731715
0.2,0.2,0.6,0.6,0.23767301,49925,0.0427275027854709
0.3,0.3,0.9,0.9,0.23767301,49925,0.0427275027854709
0.1,0.1,0.3,0.3,0.23767301,49925,0.0427275027854709
0.4,0.1,0.8,0.1,0.23771583,49925,0.04167881332255767
0.3,0.1,0.7,0.1,0.23772612,49925,0.042064323362357686
0.7,0.1,0.5,0.5,0.23773098,49925,0.04093537680734248
0.3,0.2,0.7,0.6,0.23778337,49925,0.04253067443785944
0.8,0.1,0.8,0.3,0.23779662,49925,0.040946143162104494
0.6,0.1,0.3,0.7,0.23784399,49925,0.040256002098682304
0.1,0.2,0.3,0.8,0.237851,49925,0.041704438856633275
0.1,0.2,0.4,0.7,0.2378786,49925,0.0423556360947623
0.9,0.1,0.3,0.8,0.23799716,49925,0.03968050613485641
0.5,0.2,0.8,0.7,0.23803306,49925,0.04198318634693451
0.4,0.1,0.2,0.7,0.23805532,49925,0.039777145209251394
0.4,0.2,0.8,0.6,0.23810206,49925,0.04236461379904455
0.2,0.1,0.4,0.3,0.23810206,49925,0.04236461379904455
0.6,0.1,0.7,0.3,0.23810828,49925,0.04133433806591518
0.8,0.1,0.3,0.8,0.23829469,49925,0.039787522439476246
0.5,0.1,0.9,0.1,0.2383003,49925,0.04139395911999186
0.6,0.1,0.6,0.4,0.23832072,49925,0.0411825238855604
0.4,0.1,0.4,0.5,0.23836042,49925,0.04112309965713605
0.9,0.1,0.9,0.3,0.23837522,49925,0.04080427450439973
0.7,0.2,0.8,0.9,0.23838818,49925,0.04136713979172408
0.6,0.2,0.9,0.7,0.2383946,49925,0.04186374225272877
0.1,0.2,0.5,0.6,0.23839915,49925,0.04289159372582375
0.4,0.1,0.3,0.6,0.23844108,49925,0.04064264853565544
0.6,0.1,0.5,0.5,0.2384467,49925,0.04101411527772964
0.9,0.1,0.6,0.5,0.23854199,49925,0.04067182218156147
0.2,0.3,0.8,0.9,0.23854567,49925,0.04282667401865186
0.9,0.1,0.7,0.4,0.2385914,49925,0.040724164544972616
0.5,0.2,0.9,0.6,0.23864037,49925,0.04220202066584755
0.7,0.1,0.8,0.3,0.23872036,49925,0.04115098275937388
0.8,0.2,0.9,0.9,0.23872873,49925,0.0413280838388109
0.8,0.1,0.7,0.4,0.23875591,49925,0.040882736249077185
0.1,0.3,0.7,0.9,0.23876116,49925,0.04295153891531771
0.7,0.2,0.9,0.8,0.23879184,49925,0.04157999168135969
0.4,0.1,0.5,0.4,0.2388549,49925,0.041484274425702274
0.8,0.1,0.5,0.6,0.23894122,49925,0.04065394631915843
0.3,0.1,0.5,0.3,0.23895308,49925,0.04203823216904527
0.2,0.3,0.9,0.8,0.23895326,49925,0.043117043973750366
0.9,0.1,0.5,0.6,0.23897327,49925,0.04056636230700759
0.3,0.1,0.1,0.9,0.23902062,49925,0.03688537476360398
0.8,0.1,0.6,0.5,0.23905471,49925,0.040802295540979736
0.4,0.1,0.7,0.2,0.23906681,49925,0.04186991101712208
0.7,0.1,0.3,0.8,0.23907031,49925,0.03985125265105291
0.2,0.1,0.6,0.1,0.23910438,49925,0.0425684785337758
0.5,0.1,0.8,0.2,0.2391659,49925,0.04156811777254097
0.8,0.1,0.4,0.7,0.23917273,49925,0.04037414324342029
0.6,0.1,0.9,0.2,0.23919131,49925,0.041324026530287626
0.9,0.1,0.4,0.7,0.239253,49925,0.0403119232394742
0.1,0.3,0.8,0.8,0.23934425,49925,0.04327517385369479
0.7,0.1,0.5,0.6,0.23942694,49925,0.040704496711088056
0.7,0.1,0.4,0.7,0.2394361,49925,0.040406485214042984
0.3,0.2,0.8,0.5,0.23945083,49925,0.04282265666097897
0.3,0.1,0.6,0.2,0.23946065,49925,0.042264558743238555
0.5,0.1,0.4,0.6,0.23948604,49925,0.04071159374806086
0.5,0.1,0.5,0.5,0.23949015,49925,0.04107676691211239
0.9,0.1,0.3,0.9,0.23950365,49925,0.03942219698212488
0.5,0.1,0.3,0.7,0.23950858,49925,0.04023130314236991
0.4,0.1,0.6,0.3,0.23951805,49925,0.041764197570691955
0.4,0.2,0.6,0.9,0.23959742,49925,0.041387505197968855
0.2,0.2,0.7,0.5,0.2396087,49925,0.04306896601905035
0.7,0.1,0.7,0.4,0.23961702,49925,0.04101519241246537
0.8,0.1,0.3,0.9,0.23963742,49925,0.03948714791713493
0.5,0.1,0.2,0.9,0.23969486,49925,0.038786881224008946
0.8,0.1,0.9,0.3,0.23978066,49925,0.04098062467065783
0.1,0.2,0.6,0.5,0.23990303,49925,0.04333623248656271
0.9,0.1,0.8,0.4,0.23994267,49925,0.0407369573404698
0.4,0.2,0.9,0.5,0.23995009,49925,0.04258796709140688
0.4,0.2,0.7,0.8,0.23995769,49925,0.041697675529102
0.3,0.2,0.6,0.8,0.23997636,49925,0.04174490543433325
0.3,0.2,0.5,0.9,0.23999237,49925,0.041325559128465424
0.5,0.2,0.7,0.9,0.24008241,49925,0.041373504241269475
0.3,0.2,0.9,0.4,0.24011019,49925,0.04299813307969627
0.1,0.1,0.1,0.6,0.24013723,49925,0.038721076932274806
0.6,0.1,0.4,0.7,0.24015832,49925,0.040375609524560443
0.6,0.1,0.3,0.8,0.24018006,49925,0.039844106198736205
0.9,0.1,0.7,0.5,0.24020061,49925,0.0406823863114174
0.2,0.1,0.5,0.2,0.24024631,49925,0.042721188339158625
0.5,0.1,0.7,0.3,0.24032488,49925,0.04153632955393495
0.6,0.2,0.8,0.9,0.24039105,49925,0.041351363376120484
0.2,0.2,0.4,0.9,0.24044384,49925,0.04122147223189842
0.7,0.1,0.6,0.5,0.2404585,49925,0.04087797919182784
0.5,0.1,0.6,0.4,0.24051948,49925,0.04131038659540739
0.2,0.2,0.5,0.8,0.24053757,49925,0.04173041969737127
0.9,0.1,0.4,0.8,0.24053995,49925,0.04008286782569882
0.4,0.1,0.2,0.8,0.2405493,49925,0.039170853376074094
0.8,0.1,0.5,0.7,0.2406072,49925,0.040429062032716095
0.6,0.1,0.5,0.6,0.24067998,49925,0.04072587698080446
0.8,0.1,0.4,0.8,0.24068734,49925,0.04011399979474951
0.9,0.1,0.5,0.7,0.24069612,49925,0.040405985432961054
0.9,0.1,0.6,0.6,0.24069943,49925,0.04059077723587962
0.6,0.1,0.8,0.3,0.24072048,49925,0.04133268558905552
0.7,0.1,0.3,0.9,0.24076425,49925,0.03949854864355942
0.7,0.1,0.9,0.3,0.24082258,49925,0.041137244490960706
0.2,0.1,0.1,0.8,0.24084726,49925,0.037206919158400145
0.8,0.1,0.7,0.5,0.24087153,49925,0.040766179625739536
0.8,0.1,0.8,0.4,0.2409192,49925,0.04087779725362534
0.5,0.2,0.8,0.8,0.24093448,49925,0.04164341652181684
0.7,0.2,0.9,0.9,0.24102499,49925,0.04132733066670944
0.6,0.2,0.9,0.8,0.24105182,49925,0.04159157603029286
0.3,0.2,0.7,0.7,0.24111731,49925,0.04210979119160894
0.1,0.3,0.9,0.7,0.24114423,49925,0.043560636355812046
0.1,0.2,0.4,0.8,0.24115449,49925,0.0416596684326931
0.4,0.2,0.8,0.7,0.24118993,49925,0.042008614187553875
0.1,0.1,0.4,0.2,0.24122155,49925,0.04332018560864236
0.2,0.2,0.8,0.4,0.24122155,49925,0.04332018560864236
0.3,0.1,0.2,0.7,0.24129346,49925,0.03961023424669386
0.2,0.2,0.6,0.7,0.24135257,49925,0.04217929212096281
0.7,0.1,0.4,0.8,0.24140412,49925,0.0400784813037123
0.8,0.1,0.6,0.6,0.24145621,49925,0.040643096963600925
0.9,0.1,0.9,0.4,0.2414738,49925,0.040761604590348575
0.6,0.1,0.6,0.5,0.24148129,49925,0.040964537592005135
0.4,0.1,0.4,0.6,0.24150121,49925,0.04061340022668546
0.1,0.2,0.3,0.9,0.24150674,49925,0.040936587425339906
0.7,0.1,0.5,0.7,0.24157198,49925,0.04043024918170101
0.2,0.3,0.9,0.9,0.2416387,49925,0.042729411295527424
0.4,0.1,0.3,0.7,0.2416544,49925,0.04011068144324212
0.5,0.2,0.9,0.7,0.24172635,49925,0.041907056077026286
0.9,0.1,0.5,0.8,0.24181835,49925,0.04017845924751278
0.3,0.1,0.3,0.6,0.24182881,49925,0.040478562274267514
0.6,0.1,0.7,0.4,0.24191497,49925,0.04115070345252476
0.1,0.1,0.5,0.1,0.24195944,49925,0.04328239146827965
0.2,0.2,0.9,0.3,0.24207436,49925,0.043411756015794056
0.2,0.1,0.2,0.6,0.24212606,49925,0.04009047044980076
0.5,0.1,0.4,0.7,0.24212681,49925,0.04028021606859263
0.5,0.1,0.3,0.8,0.24214977,49925,0.03976916523999018
0.7,0.1,0.8,0.4,0.24218442,49925,0.04101897118399835
0.9,0.1,0.4,0.9,0.24223176,49925,0.03981039027558834
0.9,0.1,0.8,0.5,0.2422404,49925,0.040658668193944765
0.1,0.3,0.8,0.9,0.2422558,49925,0.042807387842809255
0.7,0.1,0.6,0.6,0.2422559,49925,0.04069259615582116
0.1,0.2,0.7,0.4,0.24232346,49925,0.043672812095038024
0.9,0.1,0.6,0.7,0.24241097,49925,0.040415597547067514
0.2,0.1,0.3,0.5,0.24246265,49925,0.04097041182687755
0.1,0.2,0.5,0.7,0.24251212,49925,0.042224253460580084
0.8,0.1,0.4,0.9,0.24251978,49925,0.039801980867801574
0.6,0.1,0.3,0.9,0.24252594,49925,0.039441662664391065
0.9,0.1,0.7,0.6,0.2425373,49925,0.04055589445278998
0.3,0.1,0.4,0.5,0.24256901,49925,0.04104870479116007
0.7,0.1,0.7,0.5,0.24259666,49925,0.04085695465399769
0.3,0.2,0.8,0.6,0.24264176,49925,0.04242304549730217
0.8,0.1,0.5,0.8,0.24264695,49925,0.040155351405037246
0.5,0.1,0.5,0.6,0.24272656,49925,0.04068484199063555
0.8,0.1,0.6,0.7,0.24288674,49925,0.04043485406911741
0.4,0.2,0.9,0.6,0.2429108,49925,0.04227484938362542
0.8,0.1,0.9,0.4,0.24299878,49925,0.04090158040275203
0.6,0.1,0.4,0.8,0.24299964,49925,0.0400182648499815
0.5,0.2,0.8,0.9,0.2430867,49925,0.0413116615252125
0.6,0.1,0.5,0.7,0.24313524,49925,0.040377381231620296
0.1,0.1,0.2,0.5,0.24315214,49925,0.040641544931670166
0.4,0.1,0.2,0.9,0.2431668,49925,0.038562507580820124
0.4,0.1,0.5,0.5,0.24323386,49925,0.04105851929887143
0.2,0.2,0.7,0.6,0.24325508,49925,0.04257352687144738
0.3,0.2,0.6,0.9,0.2432576,49925,0.04128291526504552
0.4,0.2,0.7,0.9,0.24326208,49925,0.04132824358023828
0.4,0.1,0.9,0.1,0.24332306,49925,0.04137817301286993
0.8,0.1,0.7,0.6,0.24338216,49925,0.04062146250454635
0.5,0.1,0.9,0.2,0.24342324,49925,0.04140512614158647
0.8,0.1,0.8,0.5,0.24351045,49925,0.04076227212695548
0.7,0.1,0.5,0.8,0.24359676,49925,0.04012574347681812
0.6,0.2,0.9,0.9,0.24362275,49925,0.04130674581830523
0.2,0.2,0.5,0.9,0.24366033,49925,0.04119516212357019
0.1,0.3,0.9,0.8,0.24366951,49925,0.04312940420228443
0.7,0.1,0.4,0.9,0.24379402,49925,0.03974213021035288
0.1,0.2,0.8,0.3,0.24382679,49925,0.04381292947086304
0.2,0.1,0.4,0.4,0.24387375,49925,0.041651325711497614
0.4,0.2,0.8,0.8,0.24387375,49925,0.041651325711497614
0.9,0.1,0.5,0.9,0.24390519,49925,0.03993878974897487
0.1,0.2,0.6,0.6,0.24391544,49925,0.0427081039293411
0.3,0.2,0.7,0.8,0.2439164,49925,0.04167592203592588
0.9,0.1,0.8,0.6,0.2439335,49925,0.04054904403238686
0.9,0.1,0.6,0.8,0.24401054,49925,0.04021099536554595
0.5,0.2,0.9,0.8,0.24401973,49925,0.04160827718293418
0.3,0.2,0.9,0.5,0.24416569,49925,0.042683160387047205
0.8,0.1,0.5,0.9,0.24419662,49925,0.03988919013252166
0.9,0.1,0.9,0.5,0.24419692,49925,0.040663496168432796
0.9,0.1,0.7,0.7,0.24423149,49925,0.04041992991090115
0.6,0.1,0.9,0.3,0.2443108,49925,0.04127807326613387
0.6,0.1,0.6,0.6,0.24438289,49925,0.040685056984333064
0.5,0.1,0.6,0.5,0.24440983,49925,0.041009750328145085
0.1,0.2,0.9,0.2,0.24441792,49925,0.043723666942271706
0.4,0.1,0.8,0.2,0.24450423,49925,0.0416959459574375
0.2,0.1,0.1,0.9,0.2445375,49925,0.036341892156219684
0.3,0.1,0.5,0.4,0.2445994,49925,0.041548755135108285
0.7,0.1,0.6,0.7,0.24467824,49925,0.04042802292084826
0.8,0.1,0.6,0.8,0.24474134,49925,0.040195080393169366
0.4,0.1,0.6,0.4,0.24480663,49925,0.041406045135984164
0.1,0.2,0.4,0.9,0.2449261,49925,0.04097764129941642
0.1,0.1,0.1,0.7,0.24496916,49925,0.03751564890362383
0.6,0.1,0.4,0.9,0.24497738,49925,0.03962964547566898
0.3,0.1,0.2,0.8,0.24499828,49925,0.03887605152878962
0.5,0.1,0.4,0.8,0.24512568,49925,0.03985121291446721
0.4,0.1,0.3,0.8,0.24519384,49925,0.0395466667193088
0.1,0.1,0.3,0.4,0.24522392,49925,0.04166474081941493
0.2,0.2,0.6,0.8,0.24522392,49925,0.04166474081941493
0.5,0.1,0.3,0.9,0.24522598,49925,0.039275102649935445
0.6,0.1,0.7,0.5,0.24524717,49925,0.04093930490814631
0.5,0.1,0.8,0.3,0.24528337,49925,0.04145807320511453
0.6,0.1,0.5,0.8,0.24531248,49925,0.0400120684247354
0.8,0.1,0.7,0.7,0.24531735,49925,0.040436385378350904
0.9,0.1,0.6,0.9,0.24534455,49925,0.03997245610454986
0.7,0.1,0.9,0.4,0.24537027,49925,0.04102195244941808
0.3,0.1,0.8,0.1,0.24547052,49925,0.04166701975884643
0.4,0.2,0.9,0.7,0.24547267,49925,0.0419482452875908
0.7,0.1,0.5,0.9,0.24547736,49925,0.03980736996649222
0.7,0.1,0.7,0.6,0.24550018,49925,0.04065479788106118
0.2,0.2,0.8,0.5,0.24552208,49925,0.042910444814001636
0.6,0.1,0.8,0.4,0.24553889,49925,0.04114271995332888
0.3,0.1,0.3,0.7,0.24578182,49925,0.03983224315489311
0.9,0.1,0.7,0.8,0.24578586,49925,0.040228762357421614
0.5,0.1,0.5,0.7,0.24579155,49925,0.040266445524220006
0.8,0.1,0.8,0.6,0.24586493,49925,0.04059594210232639
0.5,0.1,0.7,0.4,0.24587658,49925,0.04127524577093943
0.7,0.1,0.8,0.5,0.24589832,49925,0.04084860854445
0.3,0.1,0.6,0.3,0.24594364,49925,0.041929667820501566
0.3,0.2,0.8,0.7,0.24596667,49925,0.04202133011423052
0.4,0.1,0.4,0.7,0.24596861,49925,0.04012815355636422
0.4,0.1,0.7,0.3,0.24601093,49925,0.04167955112492503
0.1,0.2,0.5,0.8,0.24605872,49925,0.041604520425597535
0.1,0.2,0.7,0.5,0.24620211,49925,0.04313789384716797
0.1,0.3,0.9,0.9,0.24620607,49925,0.04269692476888329
0.9,0.1,0.8,0.7,0.24621569,49925,0.0404089554237078
0.3,0.1,0.7,0.2,0.24632801,49925,0.04201923526753291
0.7,0.1,0.6,0.8,0.2463589,49925,0.04012258777158612
0.8,0.1,0.6,0.9,0.2464429,49925,0.03992766623541576
0.8,0.1,0.9,0.5,0.24645227,49925,0.04076559199120204
0.5,0.2,0.9,0.9,0.24650611,49925,0.041292910000246916
0.4,0.2,0.8,0.9,0.24652383,49925,0.04127820487235801
0.4,0.1,0.5,0.6,0.246655,49925,0.04056397428779212
0.9,0.1,0.9,0.6,0.24672179,49925,0.04054654853292699
0.2,0.2,0.7,0.7,0.24673037,49925,0.042077199995631726
0.3,0.1,0.4,0.6,0.24679223,49925,0.04046563717647127
0.6,0.1,0.6,0.7,0.24687223,49925,0.04036192334818413
0.2,0.2,0.9,0.4,0.2469486,49925,0.04309678782312989
0.3,0.2,0.7,0.9,0.24696434,49925,0.041248904706923245
0.8,0.1,0.7,0.8,0.24704064,49925,0.040187920920806135
0.2,0.1,0.2,0.7,0.24708083,49925,0.039203310021640674
0.1,0.2,0.6,0.7,0.24722996,49925,0.04213379886198935
0.5,0.1,0.6,0.6,0.24745592,49925,0.04065263084595774
0.9,0.1,0.7,0.9,0.2475053,49925,0.04000508781167143
0.2,0.1,0.5,0.3,0.24754773,49925,0.0421937516675237
0.2,0.1,0.3,0.6,0.24776676,49925,0.04018550245652171
0.9,0.1,0.8,0.8,0.24786882,49925,0.04022364582777333
0.7,0.1,0.7,0.7,0.24813809,49925,0.040393265910291645
0.8,0.1,0.8,0.7,0.24820752,49925,0.04041629296772565
0.2,0.2,0.6,0.9,0.24829113,49925,0.041168045124337665
0.6,0.1,0.5,0.9,0.24831215,49925,0.039660629115490814
0.3,0.2,0.9,0.6,0.24833167,49925,0.04232768936254485
0.4,0.1,0.3,0.9,0.24838498,49925,0.0389869731977746
0.4,0.2,0.9,0.8,0.24840331,49925,0.04159785448471934
0.5,0.1,0.4,0.9,0.24841309,49925,0.039434087346777225
0.6,0.1,0.7,0.6,0.24850164,49925,0.04066995021897834
0.3,0.1,0.2,0.9,0.24854663,49925,0.03816689485290541
0.7,0.1,0.6,0.9,0.24859664,49925,0.03979238564541556
0.4,0.1,0.6,0.5,0.24864016,49925,0.04102128017219136
0.9,0.1,0.9,0.7,0.24867685,49925,0.040394554256760466
0.1,0.2,0.8,0.4,0.24870719,49925,0.04344049769466769
0.3,0.1,0.5,0.5,0.24873808,49925,0.04100634651049037
0.2,0.2,0.8,0.6,0.24873823,49925,0.04247279448855111
0.1,0.1,0.4,0.3,0.24873823,49925,0.04247279448855111
0.1,0.2,0.7,0.6,0.24878782,49925,0.042617371898829116
0.3,0.2,0.8,0.8,0.24878824,49925,0.0416065702249125
0.4,0.1,0.4,0.8,0.24888107,49925,0.03963225892996999
0.7,0.1,0.8,0.6,0.24889912,49925,0.04063322288771286
0.8,0.1,0.9,0.6,0.24890551,49925,0.040597477062829145
0.8,0.1,0.7,0.9,0.24896736,49925,0.039926532274300715
0.5,0.1,0.5,0.8,0.2490999,49925,0.039868052513139504
0.7,0.1,0.9,0.5,0.24916647,49925,0.04085860695861653
0.2,0.2,0.7,0.8,0.2492283,49925,0.04162002762339153
0.2,0.1,0.7,0.1,0.2492427,49925,0.04206518246904018
0.6,0.1,0.9,0.4,0.24929598,49925,0.041118468835764574
0.6,0.1,0.6,0.8,0.2493738,49925,0.040021361357693165
0.1,0.1,0.1,0.8,0.24938172,49925,0.036416411207122336
0.1,0.1,0.2,0.6,0.2493996,49925,0.03953755392459374
0.1,0.2,0.5,0.9,0.24940309,49925,0.04101139048364047
0.5,0.1,0.7,0.5,0.2494281,49925,0.040974873830611394
0.6,0.1,0.8,0.5,0.24943209,49925,0.040910460814286925
0.2,0.1,0.6,0.2,0.24951068,49925,0.04241679239363937
0.2,0.1,0.4,0.5,0.2495505,49925,0.04091435606547729
0.3,0.1,0.3,0.8,0.24964374,49925,0.03918428418159902
0.5,0.1,0.9,0.3,0.24984494,49925,0.041356053811921985
0.9,0.1,0.8,0.9,0.24987763,49925,0.040011149798297126
0.7,0.1,0.7,0.8,0.24993071,49925,0.04013424030892388
0.4,0.1,0.5,0.7,0.25023904,49925,0.04012633828934366
0.5,0.1,0.8,0.4,0.2503021,49925,0.04124181132508531
0.1,0.2,0.6,0.8,0.25046557,49925,0.04158405949841856
0.8,0.1,0.8,0.8,0.25047088,49925,0.04018118426059212
0.4,0.1,0.7,0.4,0.25051156,49925,0.04137933956996759
0.1,0.2,0.9,0.3,0.2505387,49925,0.04350622651809007
0.1,0.1,0.3,0.5,0.25057364,49925,0.04071087203284357
0.3,0.1,0.4,0.7,0.2506321,49925,0.03989493996998534
0.5,0.1,0.6,0.7,0.25065774,49925,0.04026428933042799
0.4,0.2,0.9,0.9,0.2507763,49925,0.04124793348430915
0.9,0.1,0.9,0.8,0.25086576,49925,0.040219939834551834
0.2,0.2,0.9,0.5,0.25088978,49925,0.04276218381797419
0.4,0.1,0.9,0.2,0.25092494,49925,0.04147467237179638
0.3,0.1,0.6,0.4,0.25093362,49925,0.04148597224322121
0.3,0.2,0.9,0.7,0.25107542,49925,0.0419674555605633
0.2,0.1,0.2,0.8,0.25111994,49925,0.03833669072122076
0.2,0.2,0.8,0.7,0.25120893,49925,0.04204111023963881
0.4,0.1,0.6,0.6,0.25131232,49925,0.040587794757615
0.4,0.1,0.8,0.3,0.2513538,49925,0.04155119752734784
0.6,0.1,0.7,0.7,0.2513631,49925,0.040349707166624435
0.7,0.1,0.8,0.7,0.25141916,49925,0.040403889865440704
0.3,0.2,0.8,0.9,0.251542,49925,0.041236286287254766
0.5,0.1,0.5,0.9,0.2517003,49925,0.0394759114237943
0.1,0.2,0.7,0.7,0.25179315,49925,0.04212081103611781
0.8,0.1,0.9,0.7,0.251843,49925,0.04040729377672481
0.6,0.1,0.6,0.9,0.25187176,49925,0.039668939068932714
0.2,0.2,0.7,0.9,0.25191748,49925,0.04117580729894015
0.4,0.1,0.4,0.9,0.25192827,49925,0.03913497510011614
0.2,0.1,0.3,0.7,0.2519349,49925,0.039428152277682836
0.7,0.1,0.7,0.9,0.25209025,49925,0.039830557961846376
0.1,0.2,0.8,0.5,0.2522369,49925,0.0430204634199918
0.8,0.1,0.8,0.9,0.25230768,49925,0.0399485598013317
0.5,0.1,0.7,0.6,0.25231862,49925,0.04063911789153194
0.9,0.1,0.9,0.9,0.25237623,49925,0.040005921148134525
0.2,0.1,0.5,0.4,0.25253516,49925,0.041574883556382995
0.1,0.2,0.6,0.9,0.2526333,49925,0.04108324446236002
0.7,0.1,0.9,0.6,0.25264996,49925,0.04062760489629689
0.6,0.1,0.8,0.6,0.25267038,49925,0.040658586850408844
0.1,0.1,0.5,0.2,0.25273022,49925,0.04291512569310034
0.3,0.1,0.5,0.6,0.25279495,49925,0.04046679101066562
0.3,0.1,0.7,0.3,0.25296718,49925,0.04177280164240942
0.3,0.2,0.9,0.8,0.25310114,49925,0.04160963502349706
0.6,0.1,0.9,0.5,0.2531821,49925,0.04092098923539312
0.1,0.1,0.4,0.4,0.25321218,49925,0.041636770932862846
0.2,0.2,0.8,0.8,0.25321218,49925,0.041636770932862846
0.5,0.1,0.6,0.8,0.25339356,49925,0.039891891906902954
0.3,0.1,0.3,0.9,0.25343525,49925,0.03857562913861393
0.2,0.2,0.9,0.6,0.2534496,49925,0.042415380951321836
0.4,0.1,0.5,0.8,0.25362924,49925,0.03968913132614049
0.6,0.1,0.7,0.8,0.25371104,49925,0.04003574718704902
0.3,0.1,0.9,0.1,0.25376272,49925,0.041294357125489456
0.1,0.1,0.1,0.9,0.25376424,49925,0.03544425483725591
0.7,0.1,0.8,0.8,0.25377125,49925,0.040123000021286576
0.8,0.1,0.9,0.8,0.2538999,49925,0.04018575829029254
0.2,0.1,0.4,0.6,0.25390476,49925,0.04027435668156402
0.1,0.2,0.8,0.6,0.25395352,49925,0.04259849954854728
0.3,0.1,0.4,0.8,0.25397906,49925,0.03932260027677642
0.2,0.1,0.2,0.9,0.2541048,49925,0.03754687568044471
0.3,0.1,0.8,0.2,0.25411403,49925,0.04174303236175433
0.5,0.1,0.8,0.5,0.2541573,49925,0.040977369673359555
0.1,0.2,0.7,0.8,0.25420842,49925,0.041641627264073666
0.1,0.2,0.9,0.4,0.2543661,49925,0.043235124611194276
0.1,0.1,0.2,0.7,0.25443205,49925,0.03849808886669348
0.1,0.1,0.6,0.1,0.25449255,49925,0.0425896141746773
0.4,0.1,0.7,0.5,0.2545359,49925,0.04100156928979466
0.3,0.2,0.9,0.9,0.2547701,49925,0.0412665846736515
0.3,0.1,0.6,0.5,0.2548343,49925,0.04099465415987814
0.6,0.1,0.8,0.7,0.2548559,49925,0.04036378386596168
0.5,0.1,0.9,0.4,0.25487596,49925,0.04118812922952146
0.2,0.2,0.8,0.9,0.25488615,49925,0.041249798918805015
0.1,0.1,0.3,0.6,0.2548982,49925,0.0398114108790604
0.5,0.1,0.7,0.7,0.25494322,49925,0.04028477708567387
0.7,0.1,0.9,0.7,0.25506544,49925,0.04041034010542729
0.4,0.1,0.6,0.7,0.25506872,49925,0.04015568947320361
0.2,0.2,0.9,0.7,0.25518134,49925,0.04206762100517191
0.1,0.2,0.8,0.7,0.25555158,49925,0.0421803588189921
0.7,0.1,0.8,0.9,0.25566602,49925,0.039850034579944474
0.2,0.1,0.3,0.8,0.2557186,49925,0.03871593435383596
0.8,0.1,0.9,0.9,0.25573072,49925,0.03994721974868723
0.1,0.2,0.7,0.9,0.25575,49925,0.04119868794638836
0.6,0.1,0.7,0.9,0.25589556,49925,0.03971818939152306
0.5,0.1,0.6,0.9,0.2560023,49925,0.039522008472391935
0.2,0.1,0.6,0.3,0.25602278,49925,0.04204196881882109
0.2,0.1,0.5,0.5,0.2560421,49925,0.04097213473005959
0.3,0.1,0.5,0.7,0.25607684,49925,0.039977061454601594
0.1,0.1,0.4,0.5,0.2563377,49925,0.04087753808764947
0.1,0.2,0.9,0.5,0.256488,49925,0.04292501966640209
0.6,0.1,0.9,0.6,0.25656098,49925,0.04066343332482748
0.4,0.1,0.5,0.9,0.25658536,49925,0.03923363566704118
0.2,0.2,0.9,0.8,0.25676823,49925,0.041707495651657975
0.2,0.1,0.4,0.7,0.25684458,49925,0.039638979679859694
0.1,0.2,0.8,0.8,0.25695902,49925,0.041752505842391506
0.7,0.1,0.9,0.8,0.2570172,49925,0.0401460304193279
0.4,0.1,0.8,0.4,0.2570979,49925,0.04131100609579243
0.4,0.1,0.9,0.3,0.25715443,49925,0.041412520252157956
0.3,0.1,0.4,0.9,0.2571891,49925,0.03877615486482622
0.6,0.1,0.8,0.8,0.2573506,49925,0.040055080118645864
0.5,0.1,0.8,0.6,0.25750872,49925,0.040641834446011854
0.1,0.1,0.5,0.3,0.25763342,49925,0.0423816326863331
0.5,0.1,0.7,0.8,0.25768268,49925,0.03992963307534131
0.4,0.1,0.7,0.6,0.25769454,49925,0.04059547174906611
0.4,0.1,0.6,0.8,0.2577282,49925,0.03975086874009512
0.2,0.1,0.7,0.2,0.25780952,49925,0.04208503018416958
0.1,0.2,0.9,0.6,0.25815925,49925,0.04259227227804891
0.3,0.1,0.5,0.8,0.2581672,49925,0.03951056742149437
0.2,0.2,0.9,0.9,0.25816905,49925,0.041350689089497704
0.3,0.1,0.7,0.4,0.25823316,49925,0.04144375767194216
0.3,0.1,0.6,0.6,0.25826472,49925,0.04054002436705623
0.1,0.2,0.8,0.9,0.25843036,49925,0.041335900380871295
0.1,0.1,0.3,0.7,0.25850123,49925,0.03900228249877082
0.2,0.1,0.5,0.6,0.25862634,49925,0.04042635030991474
0.1,0.1,0.2,0.8,0.25874892,49925,0.0375757104277315
0.2,0.1,0.3,0.9,0.25892496,49925,0.03802824868064635
0.5,0.1,0.9,0.5,0.258962,49925,0.040950083665434775
0.2,0.1,0.8,0.1,0.25903714,49925,0.041592035828522333
0.6,0.1,0.9,0.7,0.25906146,49925,0.04037719925306584
0.1,0.2,0.9,0.7,0.2591561,49925,0.04224295284019005
0.2,0.1,0.6,0.4,0.2592167,49925,0.04160185517780699
0.2,0.1,0.4,0.8,0.25932083,49925,0.03904501051609355
0.7,0.1,0.9,0.9,0.2594404,49925,0.039879360571204885
0.1,0.1,0.4,0.6,0.2594851,49925,0.04015688793100111
0.6,0.1,0.8,0.9,0.25980428,49925,0.03975789399042981
0.4,0.1,0.7,0.7,0.259866,49925,0.04022984615094039
0.1,0.2,0.9,0.8,0.25993502,49925,0.04187295903518002
0.5,0.1,0.7,0.9,0.25999597,49925,0.03959487306549164
0.4,0.1,0.6,0.9,0.26007214,49925,0.03938922714398044
0.3,0.1,0.8,0.3,0.26007774,49925,0.04163386186983894
0.5,0.1,0.8,0.7,0.2601636,49925,0.04029466110539462
0.3,0.1,0.5,0.9,0.26017225,49925,0.03903868774465474
0.1,0.1,0.5,0.4,0.26020503,49925,0.041798643377141446
0.3,0.1,0.7,0.5,0.26044172,49925,0.04108332966223854
0.3,0.1,0.6,0.7,0.2605053,49925,0.04011998387175489
0.4,0.1,0.8,0.5,0.26059836,49925,0.04102066734652799
0.2,0.1,0.5,0.7,0.26068538,49925,0.039908435601459354
0.1,0.2,0.9,0.9,0.26084083,49925,0.04148180480347729
0.2,0.1,0.6,0.5,0.26131213,49925,0.04115737017016457
0.1,0.1,0.5,0.5,0.2614728,49925,0.04114558486255374
0.1,0.1,0.4,0.7,0.26154253,49925,0.03943981283767055
0.6,0.1,0.9,0.8,0.26154655,49925,0.04007809123934221
0.2,0.1,0.4,0.9,0.26155126,49925,0.03847066656100426
0.1,0.1,0.3,0.8,0.261584,49925,0.03822035675594522
0.3,0.1,0.9,0.2,0.26168564,49925,0.04144849798894929
0.4,0.1,0.7,0.8,0.26170072,49925,0.03989482795037557
0.5,0.1,0.8,0.8,0.26171005,49925,0.03999969889643267
0.4,0.1,0.9,0.4,0.26171374,49925,0.04125478943522208
0.5,0.1,0.9,0.6,0.26177433,49925,0.04070052062094316
0.3,0.1,0.6,0.8,0.2620251,49925,0.039703099856561924
0.1,0.1,0.6,0.2,0.26210678,49925,0.042575124683470925
0.3,0.1,0.7,0.6,0.26230165,49925,0.04070434816603392
0.4,0.1,0.8,0.6,0.2623995,49925,0.040683346308495114
0.2,0.1,0.5,0.8,0.26245663,49925,0.039371294161073524
0.1,0.1,0.2,0.9,0.26253313,49925,0.03671997824358998
0.2,0.1,0.7,0.3,0.2625486,49925,0.04193487574562097
0.2,0.1,0.6,0.6,0.2627974,49925,0.04066580824446767
0.5,0.1,0.8,0.9,0.26293367,49925,0.039713494964118363
0.6,0.1,0.9,0.9,0.2630078,49925,0.03982154122954205
0.1,0.1,0.5,0.6,0.2631298,49925,0.04052048862237079
0.3,0.1,0.6,0.9,0.26334727,49925,0.03929549754786404
0.5,0.1,0.9,0.7,0.26337588,49925,0.04040380906853705
0.4,0.1,0.7,0.9,0.26349577,49925,0.03954977266601865
0.1,0.1,0.4,0.8,0.26361117,49925,0.03876541171055322
0.3,0.1,0.8,0.4,0.263816,49925,0.041444276799168685
0.1,0.1,0.3,0.9,0.26387936,49925,0.03746530600164415
0.4,0.1,0.8,0.7,0.2641348,49925,0.04038103194760282
0.3,0.1,0.7,0.7,0.26416743,49925,0.040304825816041334
0.2,0.1,0.5,0.9,0.2642383,49925,0.03885399023201182
0.2,0.1,0.6,0.7,0.26425418,49925,0.04019519451099641
0.1,0.1,0.5,0.7,0.26434165,49925,0.03990214429564704
0.2,0.1,0.7,0.4,0.26458982,49925,0.04166169324296486
0.1,0.1,0.6,0.3,0.26478708,49925,0.042335884751103774
0.4,0.1,0.9,0.5,0.26480228,49925,0.04105208476682272
0.5,0.1,0.9,0.8,0.26490083,49925,0.04013699048571384
0.4,0.1,0.8,0.8,0.2651624,49925,0.04006420373314181
0.3,0.1,0.7,0.8,0.26524526,49925,0.03993630768344957
0.1,0.1,0.7,0.1,0.26535773,49925,0.04200382456249829
0.2,0.1,0.6,0.8,0.26541522,49925,0.03972587916916746
0.1,0.1,0.6,0.4,0.2655305,49925,0.04190824520779664
0.3,0.1,0.8,0.5,0.26554078,49925,0.0411736346638548
0.2,0.1,0.7,0.5,0.26560462,49925,0.04131311231439617
0.1,0.1,0.5,0.8,0.26584834,49925,0.03928161604987845
0.2,0.1,0.8,0.2,0.26586518,49925,0.04180118031289479
0.1,0.1,0.4,0.9,0.26590198,49925,0.0380836344142901
0.2,0.1,0.7,0.6,0.2659325,49925,0.0408867040113278
0.4,0.1,0.9,0.6,0.26598614,49925,0.040796141495066884
0.1,0.1,0.6,0.5,0.26601422,49925,0.04138078188090352
0.3,0.1,0.7,0.9,0.26606652,49925,0.039568915244345755
0.3,0.1,0.9,0.3,0.2661006,49925,0.04148092655755714
0.1,0.1,0.6,0.6,0.26629734,49925,0.04083485886156023
0.3,0.1,0.8,0.6,0.26641756,49925,0.04086551905443093
0.5,0.1,0.9,0.9,0.266682,49925,0.0398621323405555
0.4,0.1,0.8,0.9,0.26671302,49925,0.03973766352382935
0.2,0.1,0.6,0.9,0.26684272,49925,0.03925853219781238
0.3,0.1,0.8,0.7,0.26699287,49925,0.040529610780427036
0.2,0.1,0.7,0.7,0.26706973,49925,0.040470609803645814
0.4,0.1,0.9,0.7,0.26711243,49925,0.04053524617624335
0.1,0.1,0.5,0.9,0.26715624,49925,0.03866838585725205
0.1,0.1,0.6,0.7,0.26739112,49925,0.04027211831013949
0.3,0.1,0.8,0.8,0.26803607,49925,0.040183974716859465
0.1,0.1,0.6,0.8,0.26815522,49925,0.039719437328275216
0.2,0.1,0.7,0.8,0.2682015,49925,0.04003142363712225
0.2,0.1,0.8,0.3,0.2682522,49925,0.04180691334774843
0.2,0.1,0.9,0.1,0.2683277,49925,0.041171042129866144
0.4,0.1,0.9,0.8,0.26833102,49925,0.04025064531960853
0.2,0.1,0.7,0.9,0.26871866,49925,0.039603714280921964
0.3,0.1,0.9,0.4,0.2687447,49925,0.04142537678482458
0.4,0.1,0.9,0.9,0.26882133,49925,0.039969852872174576
0.1,0.1,0.7,0.2,0.26887703,49925,0.042302337492122775
0.3,0.1,0.8,0.9,0.269014,49925,0.0398437779523972
0.1,0.1,0.6,0.9,0.26933065,49925,0.03915109208499007
0.2,0.1,0.8,0.4,0.26947415,49925,0.04168901736995022
0.1,0.1,0.7,0.3,0.26957464,49925,0.04226689171791676
0.3,0.1,0.9,0.5,0.26984033,49925,0.04126410697195174
0.1,0.1,0.7,0.4,0.2698756,49925,0.04198349824885187
0.1,0.1,0.7,0.5,0.26990178,49925,0.04158526589198763
0.1,0.1,0.7,0.7,0.2700376,49925,0.040610096088188316
0.2,0.1,0.8,0.5,0.2700607,49925,0.04142701988034816
0.2,0.1,0.8,0.6,0.27007025,49925,0.041072434234546366
0.2,0.1,0.8,0.7,0.27007967,49925,0.04069478692313414
0.3,0.1,0.9,0.6,0.27013376,49925,0.041008241114932044
0.1,0.1,0.7,0.6,0.2701502,49925,0.041107485604511294
0.2,0.1,0.8,0.8,0.2701797,49925,0.04030745499068885
0.3,0.1,0.9,0.7,0.27034575,49925,0.04070205333667593
0.1,0.1,0.7,0.8,0.2704247,49925,0.04012084047151609
0.3,0.1,0.9,0.8,0.27099222,49925,0.04038602969476982
0.1,0.1,0.7,0.9,0.271021,49925,0.03960892298823282
0.2,0.1,0.8,0.9,0.2711211,49925,0.039913464710970854
0.3,0.1,0.9,0.9,0.27146006,49925,0.04007317058203323
0.2,0.1,0.9,0.2,0.2717636,49925,0.04157065172168949
0.1,0.1,0.8,0.9,0.2726829,49925,0.039997413966508494
0.2,0.1,0.9,0.3,0.2727574,49925,0.04170734844589148
0.2,0.1,0.9,0.8,0.2729118,49925,0.04055970604005336
0.1,0.1,0.8,0.8,0.27300468,49925,0.04045365288003761
0.2,0.1,0.9,0.9,0.27314135,49925,0.040197790600206985
0.1,0.1,0.8,0.7,0.27316517,49925,0.04087551939522474
0.2,0.1,0.9,0.7,0.2733074,49925,0.04090476150149209
0.2,0.1,0.9,0.6,0.2735513,49925,0.04123896111876779
0.1,0.1,0.8,0.5,0.27359825,49925,0.04170334041051855
0.2,0.1,0.9,0.4,0.2736504,49925,0.04168134440453827
0.1,0.1,0.8,0.1,0.2736686,49925,0.041614237826380615
0.1,0.1,0.8,0.6,0.27370355,49925,0.04129843115618427
0.2,0.1,0.9,0.5,0.2738175,49925,0.04151298482214211
0.1,0.1,0.8,0.4,0.27397862,49925,0.042004918013602094
0.1,0.1,0.8,0.3,0.27413008,49925,0.04214607234708616
0.1,0.1,0.8,0.2,0.2741347,49925,0.04210024400569562
0.1,0.1,0.9,0.9,0.27576515,49925,0.040288069104685006
0.1,0.1,0.9,0.8,0.27587286,49925,0.040697502279436845
0.1,0.1,0.9,0.7,0.27611923,49925,0.04107725561995158
0.1,0.1,0.9,0.6,0.27642235,49925,0.041468753758834076
0.1,0.1,0.9,0.5,0.27705526,49925,0.0417697849056195
0.1,0.1,0.9,0.4,0.27771184,49925,0.041971494334197695
0.1,0.1,0.9,0.3,0.27827683,49925,0.04202901189283483
0.1,0.1,0.9,0.2,0.27903664,49925,0.0418866533786963
0.1,0.1,0.9,0.1,0.2795768,49925,0.04136369490428549
